Age,BIB,GC,GC-Time,Prev,Rider,Rnk,Team,Time,\u25bc\u25b2,stage,year
24,131,1,+0:00,1.0,Matthews Michael,1,Orica GreenEDGE,4:32:44 4:32:44,-,2,2015
25,133,4,+0:00,3.0,Chaves Johan Esteban,2,Orica GreenEDGE,",, ,,",\u25b21,2,2015
24,21,11,+0:13,4.0,Aru Fabio,3,Astana Pro Team,0:13 0:13,\u25b21,2,2015
23,73,34,+0:26,11.0,Elissonde Kenny,4,FDJ,0:26 0:26,\u25b27,2,2015
21,193,45,+0:27,12.0,Henao Sebasti\xe1n,5,Team Sky,0:27 0:27,\u25b27,2,2015
25,215,50,+0:29,14.0,Felline Fabio,6,Trek Factory Racing,0:29 0:29,\u25b28,2,2015
23,184,51,+0:30,17.0,Hofland Moreno,7,Team LottoNL-Jumbo,0:30 0:30,\u25b210,2,2015
24,38,54,+0:37,19.0,Ruffoni Nicola,8,Bardiani - CSF Pro Team,0:37 0:37,\u25b211,2,2015
24,31,55,+0:37,22.0,Bongiorno Francesco Manuel,9,Bardiani - CSF Pro Team,",, 0:37",\u25b213,2,2015
25,103,65,+0:50,16.0,Broeckx Stig,10,Lotto Soudal,0:50 0:50,\u25b26,2,2015
22,156,71,+0:53,31.0,Formolo Davide,11,Team Cannondale - Garmin,0:53 0:53,\u25b220,2,2015
25,216,74,+0:56,15.0,Silvestre F\xe1bio,12,Trek Factory Racing,0:56 0:56,\u25b23,2,2015
24,168,84,+1:16,27.0,Ludvigsson Tobias,13,Team Giant - Alpecin,1:16 1:16,\u25b214,2,2015
25,19,87,+1:26,38.0,Zilioli Gianfranco,14,Androni Giocattoli - Sidermec,1:26 1:26,\u25b224,2,2015
23,162,89,+1:28,28.0,Arndt Nikias,15,Team Giant - Alpecin,1:28 1:28,\u25b213,2,2015
24,115,90,+1:30,6.0,Herrada Jes\xfas,16,Movistar Team,1:30 1:30,\u25bc10,2,2015
24,114,91,+1:30,7.0,Fern\xe1ndez Rub\xe9n,17,Movistar Team,",, 1:30",\u25bc10,2,2015
21,49,94,+1:34,8.0,Zabel Rick,18,BMC Racing Team,1:34 1:34,\u25bc10,2,2015
24,46,97,+1:46,10.0,Dillier Silvan,19,BMC Racing Team,1:46 1:46,\u25bc9,2,2015
25,32,99,+1:46,20.0,Barbin Enrico,20,Bardiani - CSF Pro Team,",, 1:46",-,2,2015
24,36,101,+1:46,21.0,Colbrelli Sonny,21,Bardiani - CSF Pro Team,",, 1:46",-,2,2015
22,82,105,+1:52,24.0,Chevrier Cl\xe9ment,22,IAM Cycling,1:52 1:52,\u25b22,2,2015
23,97,110,+2:08,36.0,Polanc Jan,23,Lampre - Merida,2:08 2:08,\u25b213,2,2015
23,92,114,+2:08,35.0,Grmay Tsgabu,24,Lampre - Merida,",, 2:08",\u25b211,2,2015
25,56,121,+2:38,25.0,Owsian Lukasz,25,CCC Sprandi Polkowice,2:38 2:38,-,2,2015
24,212,123,+2:52,42.0,Alafaci Eugenio,26,Trek Factory Racing,2:52 2:52,\u25b216,2,2015
22,69,125,+3:07,5.0,Vakoc Petr,27,Etixx - Quick Step,3:07 3:07,\u25bc22,2,2015
23,188,135,+3:51,18.0,van der Lijke Nick,28,Team LottoNL-Jumbo,3:51 3:51,\u25bc10,2,2015
22,35,136,+3:52,23.0,Chirico Luca,29,Bardiani - CSF Pro Team,3:52 3:52,\u25bc6,2,2015
23,129,140,+4:12,34.0,Stacchiotti Riccardo,30,Nippo - Vini Fantini,4:12 4:12,\u25b24,2,2015
23,153,141,+4:13,41.0,Brown Nathan,31,Team Cannondale - Garmin,4:13 4:13,\u25b210,2,2015
24,135,143,+4:15,37.0,Durbridge Luke,32,Orica GreenEDGE,4:15 4:15,\u25b25,2,2015
22,219,145,+4:27,45.0,Watson Calvin,33,Trek Factory Racing,4:27 4:27,\u25b212,2,2015
21,109,152,+4:49,29.0,Vervaeke Louis,34,Lotto Soudal,4:49 4:49,\u25bc5,2,2015
24,7,162,+5:31,26.0,Houle Hugo,35,AG2R La Mondiale,5:31 5:31,\u25bc9,2,2015
23,159,164,+5:36,30.0,Villella Davide,36,Team Cannondale - Garmin,5:36 5:36,\u25bc6,2,2015
23,122,166,+5:40,33.0,Berlato Giacomo,37,Nippo - Vini Fantini,5:40 5:40,\u25bc4,2,2015
22,126,170,+5:52,39.0,Grosu Eduard Michael,38,Nippo - Vini Fantini,5:52 5:52,\u25b21,2,2015
21,47,172,+6:41,9.0,K\xfcng Stefan,39,BMC Racing Team,6:41 6:41,\u25bc30,2,2015
24,178,173,+6:43,13.0,Vorobyev Anton,40,Team Katusha,6:43 6:43,\u25bc27,2,2015
25,173,175,+6:46,43.0,Chernetski Sergei,41,Team Katusha,6:46 6:46,\u25b22,2,2015
25,149,178,+7:09,32.0,Zhupa Eugert,42,Southeast,7:09 7:09,\u25bc10,2,2015
24,4,183,+9:02,44.0,Domont Axel,43,AG2R La Mondiale,9:02 9:02,\u25b21,2,2015
23,137,187,+12:39,2.0,Hepburn Michael,44,Orica GreenEDGE,12:39 12:39,\u25bc42,2,2015
22,118,188,+13:26,46.0,Quintana Dayer,45,Movistar Team,13:26 13:26,\u25b21,2,2015
22,127,195,+25:49,40.0,Ishibashi Manabu,46,Nippo - Vini Fantini,25:49 25:49,\u25bc6,2,2015
24,131,1,+0:00,1.0,Matthews Michael,1,Orica GreenEDGE,8:06:27 8:06:27,-,3,2015
25,133,4,+0:10,2.0,Chaves Johan Esteban,2,Orica GreenEDGE,0:10 0:10,-,3,2015
24,21,9,+0:23,3.0,Aru Fabio,3,Astana Pro Team,0:23 0:23,-,3,2015
25,215,21,+0:33,6.0,Felline Fabio,4,Trek Factory Racing,0:33 0:33,\u25b22,3,2015
23,73,28,+0:36,4.0,Elissonde Kenny,5,FDJ,0:36 0:36,\u25bc1,3,2015
24,31,40,+0:47,9.0,Bongiorno Francesco Manuel,6,Bardiani - CSF Pro Team,0:47 0:47,\u25b23,3,2015
22,156,47,+1:03,11.0,Formolo Davide,7,Team Cannondale - Garmin,1:03 1:03,\u25b24,3,2015
24,115,54,+1:40,16.0,Herrada Jes\xfas,8,Movistar Team,1:40 1:40,\u25b28,3,2015
24,46,58,+1:54,19.0,Dillier Silvan,9,BMC Racing Team,1:54 1:54,\u25b210,3,2015
23,97,62,+2:18,23.0,Polanc Jan,10,Lampre - Merida,2:18 2:18,\u25b213,3,2015
23,92,64,+2:18,24.0,Grmay Tsgabu,11,Lampre - Merida,",, 2:18",\u25b213,3,2015
23,159,75,+5:46,36.0,Villella Davide,12,Team Cannondale - Garmin,5:46 5:46,\u25b224,3,2015
25,32,81,+10:31,20.0,Barbin Enrico,13,Bardiani - CSF Pro Team,10:31 10:31,\u25b27,3,2015
21,193,84,+10:42,5.0,Henao Sebasti\xe1n,14,Team Sky,10:42 10:42,\u25bc9,3,2015
22,82,88,+12:07,22.0,Chevrier Cl\xe9ment,15,IAM Cycling,12:07 12:07,\u25b27,3,2015
23,153,92,+14:28,31.0,Brown Nathan,16,Team Cannondale - Garmin,14:28 14:28,\u25b215,3,2015
21,47,101,+15:26,39.0,K\xfcng Stefan,17,BMC Racing Team,15:26 15:26,\u25b222,3,2015
24,168,102,+15:33,13.0,Ludvigsson Tobias,18,Team Giant - Alpecin,15:33 15:33,\u25bc5,3,2015
25,19,103,+15:43,14.0,Zilioli Gianfranco,19,Androni Giocattoli - Sidermec,15:43 15:43,\u25bc5,3,2015
24,114,104,+15:47,17.0,Fern\xe1ndez Rub\xe9n,20,Movistar Team,15:47 15:47,\u25bc3,3,2015
23,184,115,+17:58,7.0,Hofland Moreno,21,Team LottoNL-Jumbo,17:58 17:58,\u25bc14,3,2015
22,35,116,+18:09,29.0,Chirico Luca,22,Bardiani - CSF Pro Team,18:09 18:09,\u25b27,3,2015
24,135,117,+18:32,32.0,Durbridge Luke,23,Orica GreenEDGE,18:32 18:32,\u25b29,3,2015
24,7,123,+19:48,35.0,Houle Hugo,24,AG2R La Mondiale,19:48 19:48,\u25b211,3,2015
25,56,125,+20:06,25.0,Owsian Lukasz,25,CCC Sprandi Polkowice,20:06 20:06,-,3,2015
24,212,128,+20:20,26.0,Alafaci Eugenio,26,Trek Factory Racing,20:20 20:20,-,3,2015
24,38,139,+22:59,8.0,Ruffoni Nicola,27,Bardiani - CSF Pro Team,22:59 22:59,\u25bc19,3,2015
23,122,143,+23:08,37.0,Berlato Giacomo,28,Nippo - Vini Fantini,23:08 23:08,\u25b29,3,2015
25,103,145,+23:12,10.0,Broeckx Stig,29,Lotto Soudal,23:12 23:12,\u25bc19,3,2015
25,216,146,+23:18,12.0,Silvestre F\xe1bio,30,Trek Factory Racing,23:18 23:18,\u25bc18,3,2015
24,4,147,+23:19,43.0,Domont Axel,31,AG2R La Mondiale,23:19 23:19,\u25b212,3,2015
23,162,152,+23:50,15.0,Arndt Nikias,32,Team Giant - Alpecin,23:50 23:50,\u25bc17,3,2015
21,49,153,+23:56,18.0,Zabel Rick,33,BMC Racing Team,23:56 23:56,\u25bc15,3,2015
24,36,154,+24:08,21.0,Colbrelli Sonny,34,Bardiani - CSF Pro Team,24:08 24:08,\u25bc13,3,2015
22,69,158,+25:29,27.0,Vakoc Petr,35,Etixx - Quick Step,25:29 25:29,\u25bc8,3,2015
23,188,161,+26:13,28.0,van der Lijke Nick,36,Team LottoNL-Jumbo,26:13 26:13,\u25bc8,3,2015
23,129,165,+26:34,30.0,Stacchiotti Riccardo,37,Nippo - Vini Fantini,26:34 26:34,\u25bc7,3,2015
22,219,167,+26:49,33.0,Watson Calvin,38,Trek Factory Racing,26:49 26:49,\u25bc5,3,2015
21,109,170,+27:11,34.0,Vervaeke Louis,39,Lotto Soudal,27:11 27:11,\u25bc5,3,2015
22,118,173,+27:43,45.0,Quintana Dayer,40,Movistar Team,27:43 27:43,\u25b25,3,2015
22,126,177,+28:14,38.0,Grosu Eduard Michael,41,Nippo - Vini Fantini,28:14 28:14,\u25bc3,3,2015
25,173,180,+29:08,41.0,Chernetski Sergei,42,Team Katusha,29:08 29:08,\u25bc1,3,2015
25,149,183,+29:31,42.0,Zhupa Eugert,43,Southeast,29:31 29:31,\u25bc1,3,2015
23,137,186,+35:01,44.0,Hepburn Michael,44,Orica GreenEDGE,35:01 35:01,-,3,2015
22,127,191,+43:45,46.0,Ishibashi Manabu,45,Nippo - Vini Fantini,43:45 43:45,\u25b21,3,2015
25,133,2,+0:10,2.0,Chaves Johan Esteban,1,Orica GreenEDGE,11:54:58 11:54:58,\u25b21,4,2015
24,21,5,+0:23,3.0,Aru Fabio,2,Astana Pro Team,0:13 0:13,\u25b21,4,2015
22,156,9,+0:31,7.0,Formolo Davide,3,Team Cannondale - Garmin,0:21 0:21,\u25b24,4,2015
23,92,40,+10:30,11.0,Grmay Tsgabu,4,Lampre - Merida,10:20 10:20,\u25b27,4,2015
24,31,43,+13:40,6.0,Bongiorno Francesco Manuel,5,Bardiani - CSF Pro Team,13:30 13:30,\u25b21,4,2015
25,215,52,+17:34,4.0,Felline Fabio,6,Trek Factory Racing,17:24 17:24,\u25bc2,4,2015
23,73,53,+17:35,5.0,Elissonde Kenny,7,FDJ,17:25 17:25,\u25bc2,4,2015
23,97,58,+19:19,10.0,Polanc Jan,8,Lampre - Merida,19:09 19:09,\u25b22,4,2015
24,131,61,+19:38,1.0,Matthews Michael,9,Orica GreenEDGE,19:28 19:28,\u25bc8,4,2015
24,114,62,+19:47,20.0,Fern\xe1ndez Rub\xe9n,10,Movistar Team,19:37 19:37,\u25b210,4,2015
24,115,69,+21:18,8.0,Herrada Jes\xfas,11,Movistar Team,21:08 21:08,\u25bc3,4,2015
24,46,72,+21:32,9.0,Dillier Silvan,12,BMC Racing Team,21:22 21:22,\u25bc3,4,2015
24,36,80,+24:47,34.0,Colbrelli Sonny,13,Bardiani - CSF Pro Team,24:37 24:37,\u25b221,4,2015
23,159,83,+26:39,12.0,Villella Davide,14,Team Cannondale - Garmin,26:29 26:29,\u25bc2,4,2015
21,193,86,+27:41,14.0,Henao Sebasti\xe1n,15,Team Sky,27:31 27:31,\u25bc1,4,2015
22,82,90,+29:06,15.0,Chevrier Cl\xe9ment,16,IAM Cycling,28:56 28:56,\u25bc1,4,2015
25,32,92,+30:09,13.0,Barbin Enrico,17,Bardiani - CSF Pro Team,29:59 29:59,\u25bc4,4,2015
23,153,97,+31:27,16.0,Brown Nathan,18,Team Cannondale - Garmin,31:17 31:17,\u25bc2,4,2015
25,19,98,+32:42,19.0,Zilioli Gianfranco,19,Androni Giocattoli - Sidermec,32:32 32:32,-,4,2015
21,47,103,+35:04,17.0,K\xfcng Stefan,20,BMC Racing Team,34:54 34:54,\u25bc3,4,2015
24,168,105,+35:11,18.0,Ludvigsson Tobias,21,Team Giant - Alpecin,35:01 35:01,\u25bc3,4,2015
23,184,117,+37:36,21.0,Hofland Moreno,22,Team LottoNL-Jumbo,37:26 37:26,\u25bc1,4,2015
22,35,118,+37:47,22.0,Chirico Luca,23,Bardiani - CSF Pro Team,37:37 37:37,\u25bc1,4,2015
24,135,119,+38:10,23.0,Durbridge Luke,24,Orica GreenEDGE,38:00 38:00,\u25bc1,4,2015
24,7,126,+39:26,24.0,Houle Hugo,25,AG2R La Mondiale,39:16 39:16,\u25bc1,4,2015
25,56,128,+39:44,25.0,Owsian Lukasz,26,CCC Sprandi Polkowice,39:34 39:34,\u25bc1,4,2015
24,212,130,+39:58,26.0,Alafaci Eugenio,27,Trek Factory Racing,39:48 39:48,\u25bc1,4,2015
24,4,132,+40:18,31.0,Domont Axel,28,AG2R La Mondiale,40:08 40:08,\u25b23,4,2015
23,122,141,+42:46,28.0,Berlato Giacomo,29,Nippo - Vini Fantini,42:36 42:36,\u25bc1,4,2015
24,38,146,+43:52,27.0,Ruffoni Nicola,30,Bardiani - CSF Pro Team,43:42 43:42,\u25bc3,4,2015
25,103,149,+44:05,29.0,Broeckx Stig,31,Lotto Soudal,43:55 43:55,\u25bc2,4,2015
25,216,150,+44:11,30.0,Silvestre F\xe1bio,32,Trek Factory Racing,44:01 44:01,\u25bc2,4,2015
23,162,154,+44:43,32.0,Arndt Nikias,33,Team Giant - Alpecin,44:33 44:33,\u25bc1,4,2015
21,49,155,+44:49,33.0,Zabel Rick,34,BMC Racing Team,44:39 44:39,\u25bc1,4,2015
22,69,156,+45:07,35.0,Vakoc Petr,35,Etixx - Quick Step,44:57 44:57,-,4,2015
23,188,159,+45:51,36.0,van der Lijke Nick,36,Team LottoNL-Jumbo,45:41 45:41,-,4,2015
22,118,168,+47:21,40.0,Quintana Dayer,37,Movistar Team,47:11 47:11,\u25b23,4,2015
23,129,170,+47:27,37.0,Stacchiotti Riccardo,38,Nippo - Vini Fantini,47:17 47:17,\u25bc1,4,2015
22,219,172,+47:42,38.0,Watson Calvin,39,Trek Factory Racing,47:32 47:32,\u25bc1,4,2015
21,109,173,+48:04,39.0,Vervaeke Louis,40,Lotto Soudal,47:54 47:54,\u25bc1,4,2015
25,173,180,+50:01,42.0,Chernetski Sergei,41,Team Katusha,49:51 49:51,\u25b21,4,2015
25,149,181,+50:24,43.0,Zhupa Eugert,42,Southeast,50:14 50:14,\u25b21,4,2015
22,126,182,+50:53,41.0,Grosu Eduard Michael,43,Nippo - Vini Fantini,50:43 50:43,\u25bc2,4,2015
23,137,184,+55:54,44.0,Hepburn Michael,44,Orica GreenEDGE,55:44 55:44,-,4,2015
22,127,189,+1:07:01,45.0,Ishibashi Manabu,45,Nippo - Vini Fantini,1:06:51 1:06:51,-,4,2015
24,21,2,+0:02,2.0,Aru Fabio,1,Astana Pro Team,16:05:56 16:05:56,\u25b21,5,2015
25,133,6,+0:37,1.0,Chaves Johan Esteban,2,Orica GreenEDGE,0:35 0:35,\u25bc1,5,2015
22,156,9,+1:15,3.0,Formolo Davide,3,Team Cannondale - Garmin,1:13 1:13,-,5,2015
24,31,38,+15:45,5.0,Bongiorno Francesco Manuel,4,Bardiani - CSF Pro Team,15:43 15:43,\u25b21,5,2015
23,97,40,+17:18,8.0,Polanc Jan,5,Lampre - Merida,17:16 17:16,\u25b23,5,2015
23,92,43,+18:24,4.0,Grmay Tsgabu,6,Lampre - Merida,18:22 18:22,\u25bc2,5,2015
23,73,45,+19:40,7.0,Elissonde Kenny,7,FDJ,19:38 19:38,-,5,2015
25,215,46,+20:03,6.0,Felline Fabio,8,Trek Factory Racing,20:01 20:01,\u25bc2,5,2015
24,46,48,+21:37,12.0,Dillier Silvan,9,BMC Racing Team,21:35 21:35,\u25b23,5,2015
24,115,51,+22:33,11.0,Herrada Jes\xfas,10,Movistar Team,22:31 22:31,\u25b21,5,2015
24,114,67,+31:01,10.0,Fern\xe1ndez Rub\xe9n,11,Movistar Team,30:59 30:59,\u25bc1,5,2015
21,193,68,+31:03,15.0,Henao Sebasti\xe1n,12,Team Sky,31:01 31:01,\u25b23,5,2015
23,153,76,+33:32,18.0,Brown Nathan,13,Team Cannondale - Garmin,33:30 33:30,\u25b25,5,2015
22,82,77,+33:41,16.0,Chevrier Cl\xe9ment,14,IAM Cycling,33:39 33:39,\u25b22,5,2015
23,159,78,+34:41,14.0,Villella Davide,15,Team Cannondale - Garmin,34:39 34:39,\u25bc1,5,2015
25,19,82,+36:04,19.0,Zilioli Gianfranco,16,Androni Giocattoli - Sidermec,36:02 36:02,\u25b23,5,2015
24,131,86,+37:24,9.0,Matthews Michael,17,Orica GreenEDGE,37:22 37:22,\u25bc8,5,2015
24,36,91,+40:50,13.0,Colbrelli Sonny,18,Bardiani - CSF Pro Team,40:48 40:48,\u25bc5,5,2015
24,4,94,+43:35,28.0,Domont Axel,19,AG2R La Mondiale,43:33 43:33,\u25b29,5,2015
25,32,101,+46:12,17.0,Barbin Enrico,20,Bardiani - CSF Pro Team,46:10 46:10,\u25bc3,5,2015
21,47,102,+46:18,20.0,K\xfcng Stefan,21,BMC Racing Team,46:16 46:16,\u25bc1,5,2015
22,35,107,+49:01,23.0,Chirico Luca,22,Bardiani - CSF Pro Team,48:59 48:59,\u25b21,5,2015
24,168,108,+49:41,21.0,Ludvigsson Tobias,23,Team Giant - Alpecin,49:39 49:39,\u25bc2,5,2015
22,118,109,+50:43,37.0,Quintana Dayer,24,Movistar Team,50:41 50:41,\u25b213,5,2015
23,122,120,+54:00,29.0,Berlato Giacomo,25,Nippo - Vini Fantini,53:58 53:58,\u25b24,5,2015
23,184,126,+55:22,22.0,Hofland Moreno,26,Team LottoNL-Jumbo,55:20 55:20,\u25bc4,5,2015
24,7,127,+55:29,25.0,Houle Hugo,27,AG2R La Mondiale,55:27 55:27,\u25bc2,5,2015
25,56,129,+55:47,26.0,Owsian Lukasz,28,CCC Sprandi Polkowice,55:45 55:45,\u25bc2,5,2015
24,135,130,+55:56,24.0,Durbridge Luke,29,Orica GreenEDGE,55:54 55:54,\u25bc5,5,2015
23,188,134,+57:01,36.0,van der Lijke Nick,30,Team LottoNL-Jumbo,56:59 56:59,\u25b26,5,2015
24,212,139,+57:44,27.0,Alafaci Eugenio,31,Trek Factory Racing,57:42 57:42,\u25bc4,5,2015
21,109,143,+58:16,40.0,Vervaeke Louis,32,Lotto Soudal,58:14 58:14,\u25b28,5,2015
22,69,148,+59:37,35.0,Vakoc Petr,33,Etixx - Quick Step,59:35 59:35,\u25b22,5,2015
22,219,152,+1:00:23,39.0,Watson Calvin,34,Trek Factory Racing,1:00:21 1:00:21,\u25b25,5,2015
24,38,158,+1:01:38,30.0,Ruffoni Nicola,35,Bardiani - CSF Pro Team,1:01:36 1:01:36,\u25bc5,5,2015
25,103,161,+1:01:51,31.0,Broeckx Stig,36,Lotto Soudal,1:01:49 1:01:49,\u25bc5,5,2015
25,216,162,+1:01:57,32.0,Silvestre F\xe1bio,37,Trek Factory Racing,1:01:55 1:01:55,\u25bc5,5,2015
23,162,166,+1:02:29,33.0,Arndt Nikias,38,Team Giant - Alpecin,1:02:27 1:02:27,\u25bc5,5,2015
21,49,168,+1:02:35,34.0,Zabel Rick,39,BMC Racing Team,1:02:33 1:02:33,\u25bc5,5,2015
23,129,175,+1:05:13,38.0,Stacchiotti Riccardo,40,Nippo - Vini Fantini,1:05:11 1:05:11,\u25bc2,5,2015
25,173,180,+1:07:47,41.0,Chernetski Sergei,41,Team Katusha,1:07:45 1:07:45,-,5,2015
25,149,181,+1:08:10,42.0,Zhupa Eugert,42,Southeast,1:08:08 1:08:08,-,5,2015
22,126,182,+1:08:39,43.0,Grosu Eduard Michael,43,Nippo - Vini Fantini,1:08:37 1:08:37,-,5,2015
23,137,185,+1:13:40,44.0,Hepburn Michael,44,Orica GreenEDGE,1:13:38 1:13:38,-,5,2015
22,127,188,+1:24:47,45.0,Ishibashi Manabu,45,Nippo - Vini Fantini,1:24:45 1:24:45,-,5,2015
24,21,2,+0:02,1.0,Aru Fabio,1,Astana Pro Team,20:25:38 20:25:38,-,6,2015
25,133,6,+0:37,2.0,Chaves Johan Esteban,2,Orica GreenEDGE,0:35 0:35,-,6,2015
22,156,9,+1:15,3.0,Formolo Davide,3,Team Cannondale - Garmin,1:13 1:13,-,6,2015
24,31,38,+15:45,4.0,Bongiorno Francesco Manuel,4,Bardiani - CSF Pro Team,15:43 15:43,-,6,2015
23,97,40,+17:18,5.0,Polanc Jan,5,Lampre - Merida,17:16 17:16,-,6,2015
23,92,42,+18:24,6.0,Grmay Tsgabu,6,Lampre - Merida,18:22 18:22,-,6,2015
25,215,44,+20:03,8.0,Felline Fabio,7,Trek Factory Racing,20:01 20:01,\u25b21,6,2015
24,115,48,+22:33,10.0,Herrada Jes\xfas,8,Movistar Team,22:31 22:31,\u25b22,6,2015
23,73,52,+23:53,7.0,Elissonde Kenny,9,FDJ,23:51 23:51,\u25bc2,6,2015
24,46,59,+25:47,9.0,Dillier Silvan,10,BMC Racing Team,25:45 25:45,\u25bc1,6,2015
24,114,67,+31:01,11.0,Fern\xe1ndez Rub\xe9n,11,Movistar Team,30:59 30:59,-,6,2015
21,193,68,+31:03,12.0,Henao Sebasti\xe1n,12,Team Sky,31:01 31:01,-,6,2015
23,153,73,+33:32,13.0,Brown Nathan,13,Team Cannondale - Garmin,33:30 33:30,-,6,2015
22,82,74,+33:41,14.0,Chevrier Cl\xe9ment,14,IAM Cycling,33:39 33:39,-,6,2015
25,19,76,+36:04,16.0,Zilioli Gianfranco,15,Androni Giocattoli - Sidermec,36:02 36:02,\u25b21,6,2015
24,131,83,+37:24,17.0,Matthews Michael,16,Orica GreenEDGE,37:22 37:22,\u25b21,6,2015
23,159,85,+38:54,15.0,Villella Davide,17,Team Cannondale - Garmin,38:52 38:52,\u25bc2,6,2015
24,36,88,+40:50,18.0,Colbrelli Sonny,18,Bardiani - CSF Pro Team,40:48 40:48,-,6,2015
25,32,98,+46:12,20.0,Barbin Enrico,19,Bardiani - CSF Pro Team,46:10 46:10,\u25b21,6,2015
21,47,99,+46:18,21.0,K\xfcng Stefan,20,BMC Racing Team,46:16 46:16,\u25b21,6,2015
24,4,102,+47:53,19.0,Domont Axel,21,AG2R La Mondiale,47:51 47:51,\u25bc2,6,2015
24,168,111,+51:28,23.0,Ludvigsson Tobias,22,Team Giant - Alpecin,49:39 49:39,\u25b21,6,2015
22,118,107,+50:43,24.0,Quintana Dayer,23,Movistar Team,50:41 50:41,\u25b21,6,2015
22,35,115,+53:14,22.0,Chirico Luca,24,Bardiani - CSF Pro Team,53:12 53:12,\u25bc2,6,2015
23,184,123,+55:22,26.0,Hofland Moreno,25,Team LottoNL-Jumbo,55:20 55:20,\u25b21,6,2015
24,7,124,+55:29,27.0,Houle Hugo,26,AG2R La Mondiale,55:27 55:27,\u25b21,6,2015
25,56,126,+55:47,28.0,Owsian Lukasz,27,CCC Sprandi Polkowice,55:45 55:45,\u25b21,6,2015
24,135,133,+57:14,29.0,Durbridge Luke,28,Orica GreenEDGE,55:54 55:54,\u25b21,6,2015
23,188,129,+57:01,30.0,van der Lijke Nick,29,Team LottoNL-Jumbo,56:59 56:59,\u25b21,6,2015
24,212,135,+57:44,31.0,Alafaci Eugenio,30,Trek Factory Racing,57:42 57:42,\u25b21,6,2015
23,122,118,+54:00,25.0,Berlato Giacomo,31,Nippo - Vini Fantini,57:50 57:50,\u25bc6,6,2015
22,69,145,+59:37,33.0,Vakoc Petr,32,Etixx - Quick Step,59:35 59:35,\u25b21,6,2015
24,38,153,+1:01:38,35.0,Ruffoni Nicola,33,Bardiani - CSF Pro Team,1:01:36 1:01:36,\u25b22,6,2015
25,103,156,+1:01:51,36.0,Broeckx Stig,34,Lotto Soudal,1:01:49 1:01:49,\u25b22,6,2015
25,216,157,+1:01:57,37.0,Silvestre F\xe1bio,35,Trek Factory Racing,1:01:55 1:01:55,\u25b22,6,2015
23,162,160,+1:02:29,38.0,Arndt Nikias,36,Team Giant - Alpecin,1:02:27 1:02:27,\u25b22,6,2015
21,49,163,+1:02:35,39.0,Zabel Rick,37,BMC Racing Team,1:02:33 1:02:33,\u25b22,6,2015
21,109,168,+1:05:16,32.0,Vervaeke Louis,38,Lotto Soudal,1:05:14 1:05:14,\u25bc6,6,2015
22,219,174,+1:07:20,34.0,Watson Calvin,39,Trek Factory Racing,1:07:18 1:07:18,\u25bc5,6,2015
25,173,176,+1:07:47,41.0,Chernetski Sergei,40,Team Katusha,1:07:45 1:07:45,\u25b21,6,2015
25,149,180,+1:10:48,42.0,Zhupa Eugert,41,Southeast,1:08:08 1:08:08,\u25b21,6,2015
23,129,167,+1:05:13,40.0,Stacchiotti Riccardo,42,Nippo - Vini Fantini,1:09:03 1:09:03,\u25bc2,6,2015
22,126,181,+1:12:46,43.0,Grosu Eduard Michael,43,Nippo - Vini Fantini,1:12:44 1:12:44,-,6,2015
23,137,184,+1:14:58,44.0,Hepburn Michael,44,Orica GreenEDGE,1:13:38 1:13:38,-,6,2015
22,127,189,+1:30:23,45.0,Ishibashi Manabu,45,Nippo - Vini Fantini,1:30:21 1:30:21,-,6,2015
24,21,2,+0:02,1.0,Aru Fabio,1,Astana Pro Team,27:48:02 27:48:02,-,7,2015
25,133,6,+0:37,2.0,Chaves Johan Esteban,2,Orica GreenEDGE,0:35 0:35,-,7,2015
22,156,9,+1:15,3.0,Formolo Davide,3,Team Cannondale - Garmin,1:13 1:13,-,7,2015
24,31,36,+15:45,4.0,Bongiorno Francesco Manuel,4,Bardiani - CSF Pro Team,15:43 15:43,-,7,2015
23,97,38,+17:32,5.0,Polanc Jan,5,Lampre - Merida,17:30 17:30,-,7,2015
23,92,41,+19:53,6.0,Grmay Tsgabu,6,Lampre - Merida,19:51 19:51,-,7,2015
25,215,42,+20:00,7.0,Felline Fabio,7,Trek Factory Racing,19:58 19:58,-,7,2015
24,115,45,+22:33,8.0,Herrada Jes\xfas,8,Movistar Team,22:31 22:31,-,7,2015
23,73,50,+24:07,9.0,Elissonde Kenny,9,FDJ,24:05 24:05,-,7,2015
24,46,58,+26:16,10.0,Dillier Silvan,10,BMC Racing Team,26:14 26:14,-,7,2015
21,193,69,+31:46,12.0,Henao Sebasti\xe1n,11,Team Sky,31:44 31:44,\u25b21,7,2015
22,82,71,+34:00,14.0,Chevrier Cl\xe9ment,12,IAM Cycling,33:58 33:58,\u25b22,7,2015
25,19,73,+36:59,15.0,Zilioli Gianfranco,13,Androni Giocattoli - Sidermec,36:57 36:57,\u25b22,7,2015
24,131,78,+38:02,16.0,Matthews Michael,14,Orica GreenEDGE,38:00 38:00,\u25b22,7,2015
23,159,80,+39:37,17.0,Villella Davide,15,Team Cannondale - Garmin,39:35 39:35,\u25b22,7,2015
24,114,81,+40:44,11.0,Fern\xe1ndez Rub\xe9n,16,Movistar Team,40:42 40:42,\u25bc5,7,2015
24,36,82,+40:47,18.0,Colbrelli Sonny,17,Bardiani - CSF Pro Team,40:45 40:45,\u25b21,7,2015
21,47,88,+46:32,20.0,K\xfcng Stefan,18,BMC Racing Team,46:30 46:30,\u25b22,7,2015
25,32,91,+46:45,19.0,Barbin Enrico,19,Bardiani - CSF Pro Team,46:43 46:43,-,7,2015
24,4,95,+48:12,21.0,Domont Axel,20,AG2R La Mondiale,48:10 48:10,\u25b21,7,2015
23,153,98,+49:23,13.0,Brown Nathan,21,Team Cannondale - Garmin,49:21 49:21,\u25bc8,7,2015
24,168,100,+51:28,22.0,Ludvigsson Tobias,22,Team Giant - Alpecin,51:26 51:26,-,7,2015
24,7,105,+55:29,26.0,Houle Hugo,23,AG2R La Mondiale,55:27 55:27,\u25b23,7,2015
24,135,116,+58:57,28.0,Durbridge Luke,24,Orica GreenEDGE,58:55 58:55,\u25b24,7,2015
22,69,118,+59:37,32.0,Vakoc Petr,25,Etixx - Quick Step,59:35 59:35,\u25b27,7,2015
22,35,127,+1:02:57,24.0,Chirico Luca,26,Bardiani - CSF Pro Team,1:02:55 1:02:55,\u25bc2,7,2015
23,162,128,+1:03:09,36.0,Arndt Nikias,27,Team Giant - Alpecin,1:03:07 1:03:07,\u25b29,7,2015
22,118,134,+1:06:34,23.0,Quintana Dayer,28,Movistar Team,1:06:32 1:06:32,\u25bc5,7,2015
25,56,135,+1:06:39,27.0,Owsian Lukasz,29,CCC Sprandi Polkowice,1:06:37 1:06:37,\u25bc2,7,2015
23,122,143,+1:09:51,31.0,Berlato Giacomo,30,Nippo - Vini Fantini,1:09:49 1:09:49,\u25b21,7,2015
23,184,147,+1:11:13,25.0,Hofland Moreno,31,Team LottoNL-Jumbo,1:11:11 1:11:11,\u25bc6,7,2015
23,188,149,+29:52,29.0,van der Lijke Nick,32,Team LottoNL-Jumbo,29:52 29:52,\u25bc3,7,2015
24,212,152,+1:13:35,30.0,Alafaci Eugenio,33,Trek Factory Racing,1:13:33 1:13:33,\u25bc3,7,2015
24,38,161,+1:17:29,33.0,Ruffoni Nicola,34,Bardiani - CSF Pro Team,1:17:27 1:17:27,\u25bc1,7,2015
25,103,163,+1:20:44,34.0,Broeckx Stig,35,Lotto Soudal,1:20:42 1:20:42,\u25bc1,7,2015
25,216,164,+1:20:50,35.0,Silvestre F\xe1bio,36,Trek Factory Racing,1:20:48 1:20:48,\u25bc1,7,2015
23,129,166,+1:21:04,42.0,Stacchiotti Riccardo,37,Nippo - Vini Fantini,1:21:02 1:21:02,\u25b25,7,2015
21,109,167,+1:21:07,38.0,Vervaeke Louis,38,Lotto Soudal,1:21:05 1:21:05,-,7,2015
21,49,169,+1:21:28,37.0,Zabel Rick,39,BMC Racing Team,1:21:26 1:21:26,\u25bc2,7,2015
22,219,174,+1:23:11,39.0,Watson Calvin,40,Trek Factory Racing,1:23:09 1:23:09,\u25bc1,7,2015
25,173,175,+1:23:38,40.0,Chernetski Sergei,41,Team Katusha,1:23:36 1:23:36,\u25bc1,7,2015
25,149,178,+1:26:39,41.0,Zhupa Eugert,42,Southeast,1:26:37 1:26:37,\u25bc1,7,2015
22,126,182,+1:31:39,43.0,Grosu Eduard Michael,43,Nippo - Vini Fantini,1:31:37 1:31:37,-,7,2015
23,137,184,+1:33:51,44.0,Hepburn Michael,44,Orica GreenEDGE,1:33:49 1:33:49,-,7,2015
22,127,189,+1:49:16,45.0,Ishibashi Manabu,45,Nippo - Vini Fantini,1:49:14 1:49:14,-,7,2015
24,21,2,+0:04,1.0,Aru Fabio,1,Astana Pro Team,32:40:11 32:40:11,-,8,2015
22,156,13,+2:15,3.0,Formolo Davide,2,Team Cannondale - Garmin,2:11 2:11,\u25b21,8,2015
25,133,23,+7:50,2.0,Chaves Johan Esteban,3,Orica GreenEDGE,7:46 7:46,\u25bc1,8,2015
23,97,34,+19:29,5.0,Polanc Jan,4,Lampre - Merida,19:25 19:25,\u25b21,8,2015
24,31,38,+22:01,4.0,Bongiorno Francesco Manuel,5,Bardiani - CSF Pro Team,21:57 21:57,\u25bc1,8,2015
23,73,44,+31:31,9.0,Elissonde Kenny,6,FDJ,31:27 31:27,\u25b23,8,2015
23,92,51,+36:39,6.0,Grmay Tsgabu,7,Lampre - Merida,36:35 36:35,\u25bc1,8,2015
24,46,60,+38:41,10.0,Dillier Silvan,8,BMC Racing Team,38:37 38:37,\u25b22,8,2015
21,193,61,+38:59,11.0,Henao Sebasti\xe1n,9,Team Sky,38:55 38:55,\u25b22,8,2015
25,215,62,+39:15,7.0,Felline Fabio,10,Trek Factory Racing,39:11 39:11,\u25bc3,8,2015
24,115,65,+41:48,8.0,Herrada Jes\xfas,11,Movistar Team,41:44 41:44,\u25bc3,8,2015
22,82,70,+46:25,12.0,Chevrier Cl\xe9ment,12,IAM Cycling,46:21 46:21,-,8,2015
25,19,76,+49:24,13.0,Zilioli Gianfranco,13,Androni Giocattoli - Sidermec,49:20 49:20,-,8,2015
24,114,78,+51:53,16.0,Fern\xe1ndez Rub\xe9n,14,Movistar Team,51:49 51:49,\u25b22,8,2015
23,159,79,+52:02,15.0,Villella Davide,15,Team Cannondale - Garmin,51:58 51:58,-,8,2015
24,36,84,+57:33,17.0,Colbrelli Sonny,16,Bardiani - CSF Pro Team,57:29 57:29,\u25b21,8,2015
23,153,87,+58:43,21.0,Brown Nathan,17,Team Cannondale - Garmin,58:39 58:39,\u25b24,8,2015
21,47,88,+58:57,18.0,K\xfcng Stefan,18,BMC Racing Team,58:53 58:53,-,8,2015
24,131,90,+59:31,14.0,Matthews Michael,19,Orica GreenEDGE,59:27 59:27,\u25bc5,8,2015
24,4,91,+1:00:37,20.0,Domont Axel,20,AG2R La Mondiale,1:00:33 1:00:33,-,8,2015
24,168,97,+1:10:43,22.0,Ludvigsson Tobias,21,Team Giant - Alpecin,1:10:39 1:10:39,\u25b21,8,2015
24,7,103,+1:14:44,23.0,Houle Hugo,22,AG2R La Mondiale,1:14:40 1:14:40,\u25b21,8,2015
24,135,112,+1:18:12,24.0,Durbridge Luke,23,Orica GreenEDGE,1:18:08 1:18:08,\u25b21,8,2015
22,69,113,+1:18:52,25.0,Vakoc Petr,24,Etixx - Quick Step,1:18:48 1:18:48,\u25b21,8,2015
22,35,123,+1:22:12,26.0,Chirico Luca,25,Bardiani - CSF Pro Team,1:22:08 1:22:08,\u25b21,8,2015
22,118,131,+1:25:49,28.0,Quintana Dayer,26,Movistar Team,1:25:45 1:25:45,\u25b22,8,2015
25,56,132,+1:25:54,29.0,Owsian Lukasz,27,CCC Sprandi Polkowice,1:25:50 1:25:50,\u25b22,8,2015
23,122,140,+1:29:06,30.0,Berlato Giacomo,28,Nippo - Vini Fantini,1:29:02 1:29:02,\u25b22,8,2015
23,184,145,+1:30:28,31.0,Hofland Moreno,29,Team LottoNL-Jumbo,1:30:24 1:30:24,\u25b22,8,2015
23,188,149,+1:32:07,32.0,van der Lijke Nick,30,Team LottoNL-Jumbo,1:32:03 1:32:03,\u25b22,8,2015
24,212,151,+1:32:50,33.0,Alafaci Eugenio,31,Trek Factory Racing,1:32:46 1:32:46,\u25b22,8,2015
25,216,160,+1:40:05,36.0,Silvestre F\xe1bio,32,Trek Factory Racing,1:40:01 1:40:01,\u25b24,8,2015
21,109,162,+1:40:22,38.0,Vervaeke Louis,33,Lotto Soudal,1:40:18 1:40:18,\u25b25,8,2015
21,49,163,+1:40:43,39.0,Zabel Rick,34,BMC Racing Team,1:40:39 1:40:39,\u25b25,8,2015
22,219,167,+1:42:26,40.0,Watson Calvin,35,Trek Factory Racing,1:42:22 1:42:22,\u25b25,8,2015
25,173,169,+1:42:53,41.0,Chernetski Sergei,36,Team Katusha,1:42:49 1:42:49,\u25b25,8,2015
23,137,180,+1:57:25,44.0,Hepburn Michael,37,Orica GreenEDGE,1:57:21 1:57:21,\u25b27,8,2015
24,21,2,+0:03,1.0,Aru Fabio,1,Astana Pro Team,38:31:38 38:31:38,-,9,2015
22,156,13,+3:01,2.0,Formolo Davide,2,Team Cannondale - Garmin,2:58 2:58,-,9,2015
23,97,31,+20:15,4.0,Polanc Jan,3,Lampre - Merida,20:12 20:12,\u25b21,9,2015
25,133,34,+21:22,3.0,Chaves Johan Esteban,4,Orica GreenEDGE,21:19 21:19,\u25bc1,9,2015
24,31,36,+22:47,5.0,Bongiorno Francesco Manuel,5,Bardiani - CSF Pro Team,22:44 22:44,-,9,2015
23,73,39,+30:57,6.0,Elissonde Kenny,6,FDJ,30:54 30:54,-,9,2015
25,215,48,+40:01,10.0,Felline Fabio,7,Trek Factory Racing,39:58 39:58,\u25b23,9,2015
24,115,50,+41:13,11.0,Herrada Jes\xfas,8,Movistar Team,41:10 41:10,\u25b23,9,2015
21,193,60,+47:40,9.0,Henao Sebasti\xe1n,9,Team Sky,47:37 47:37,-,9,2015
24,46,61,+48:45,8.0,Dillier Silvan,10,BMC Racing Team,48:42 48:42,\u25bc2,9,2015
23,92,62,+48:54,7.0,Grmay Tsgabu,11,Lampre - Merida,48:51 48:51,\u25bc4,9,2015
22,82,69,+56:29,12.0,Chevrier Cl\xe9ment,12,IAM Cycling,56:26 56:26,-,9,2015
24,131,74,+1:00:17,19.0,Matthews Michael,13,Orica GreenEDGE,1:00:14 1:00:14,\u25b26,9,2015
23,159,75,+1:00:43,15.0,Villella Davide,14,Team Cannondale - Garmin,1:00:40 1:00:40,\u25b21,9,2015
24,4,76,+1:01:23,20.0,Domont Axel,15,AG2R La Mondiale,1:01:20 1:01:20,\u25b25,9,2015
25,19,78,+1:02:56,13.0,Zilioli Gianfranco,16,Androni Giocattoli - Sidermec,1:02:53 1:02:53,\u25bc3,9,2015
24,114,83,+1:05:25,14.0,Fern\xe1ndez Rub\xe9n,17,Movistar Team,1:05:22 1:05:22,\u25bc3,9,2015
23,153,85,+1:08:47,17.0,Brown Nathan,18,Team Cannondale - Garmin,1:08:44 1:08:44,\u25bc1,9,2015
21,47,86,+1:09:01,18.0,K\xfcng Stefan,19,BMC Racing Team,1:08:58 1:08:58,\u25bc1,9,2015
25,36,89,+1:11:13,16.0,Colbrelli Sonny,20,Bardiani - CSF Pro Team,1:11:10 1:11:10,\u25bc4,9,2015
25,32,95,+1:15:15,,Barbin Enrico,21,Bardiani - CSF Pro Team,1:15:12 1:15:12,-,9,2015
24,168,98,+1:16:47,21.0,Ludvigsson Tobias,22,Team Giant - Alpecin,1:16:44 1:16:44,\u25bc1,9,2015
24,7,111,+1:31:40,22.0,Houle Hugo,23,AG2R La Mondiale,1:31:37 1:31:37,\u25bc1,9,2015
24,135,112,+1:31:44,23.0,Durbridge Luke,24,Orica GreenEDGE,1:31:41 1:31:41,\u25bc1,9,2015
22,69,113,+1:32:24,24.0,Vakoc Petr,25,Etixx - Quick Step,1:32:21 1:32:21,\u25bc1,9,2015
23,188,128,+1:38:11,30.0,van der Lijke Nick,26,Team LottoNL-Jumbo,1:38:08 1:38:08,\u25b24,9,2015
22,35,129,+1:39:08,25.0,Chirico Luca,27,Bardiani - CSF Pro Team,1:39:05 1:39:05,\u25bc2,9,2015
22,118,130,+1:39:21,26.0,Quintana Dayer,28,Movistar Team,1:39:18 1:39:18,\u25bc2,9,2015
25,56,131,+1:39:26,27.0,Owsian Lukasz,29,CCC Sprandi Polkowice,1:39:23 1:39:23,\u25bc2,9,2015
23,122,137,+1:42:38,28.0,Berlato Giacomo,30,Nippo - Vini Fantini,1:42:35 1:42:35,\u25bc2,9,2015
24,212,144,+1:45:05,31.0,Alafaci Eugenio,31,Trek Factory Racing,1:45:02 1:45:02,-,9,2015
23,184,154,+1:53:13,29.0,Hofland Moreno,32,Team LottoNL-Jumbo,1:53:10 1:53:10,\u25bc3,9,2015
25,173,158,+1:56:25,36.0,Chernetski Sergei,33,Team Katusha,1:56:22 1:56:22,\u25b23,9,2015
25,216,159,+1:57:01,32.0,Silvestre F\xe1bio,34,Trek Factory Racing,1:56:58 1:56:58,\u25bc2,9,2015
21,49,160,+1:57:39,34.0,Zabel Rick,35,BMC Racing Team,1:57:36 1:57:36,\u25bc1,9,2015
23,162,165,+2:02:19,,Arndt Nikias,36,Team Giant - Alpecin,2:02:16 2:02:16,-,9,2015
21,109,167,+2:03:07,33.0,Vervaeke Louis,37,Lotto Soudal,2:03:04 2:03:04,\u25bc4,9,2015
22,219,168,+2:05:11,35.0,Watson Calvin,38,Trek Factory Racing,2:05:08 2:05:08,\u25bc3,9,2015
24,38,171,+2:07:58,,Ruffoni Nicola,39,Bardiani - CSF Pro Team,2:07:55 2:07:55,-,9,2015
25,103,175,+2:11:13,,Broeckx Stig,40,Lotto Soudal,2:11:10 2:11:10,-,9,2015
23,129,177,+2:11:33,,Stacchiotti Riccardo,41,Nippo - Vini Fantini,2:11:30 2:11:30,-,9,2015
22,126,179,+2:16:16,,Grosu Eduard Michael,42,Nippo - Vini Fantini,2:16:13 2:16:13,-,9,2015
25,149,182,+2:17:08,,Zhupa Eugert,43,Southeast,2:17:05 2:17:05,-,9,2015
23,137,183,+2:20:10,37.0,Hepburn Michael,44,Orica GreenEDGE,2:20:07 2:20:07,\u25bc7,9,2015
24,21,2,+0:03,1.0,Aru Fabio,1,Astana Pro Team,42:58:12 42:58:12,-,10,2015
22,156,11,+3:01,2.0,Formolo Davide,2,Team Cannondale - Garmin,2:58 2:58,-,10,2015
23,97,31,+20:28,3.0,Polanc Jan,3,Lampre - Merida,20:25 20:25,-,10,2015
25,133,34,+21:37,4.0,Chaves Johan Esteban,4,Orica GreenEDGE,21:34 21:34,-,10,2015
24,31,36,+22:57,5.0,Bongiorno Francesco Manuel,5,Bardiani - CSF Pro Team,22:54 22:54,-,10,2015
23,73,39,+31:21,6.0,Elissonde Kenny,6,FDJ,31:18 31:18,-,10,2015
25,215,47,+40:57,7.0,Felline Fabio,7,Trek Factory Racing,40:54 40:54,-,10,2015
24,115,55,+46:06,8.0,Herrada Jes\xfas,8,Movistar Team,46:03 46:03,-,10,2015
21,193,60,+48:27,9.0,Henao Sebasti\xe1n,9,Team Sky,48:24 48:24,-,10,2015
24,46,61,+48:55,10.0,Dillier Silvan,10,BMC Racing Team,48:52 48:52,-,10,2015
23,92,62,+49:18,11.0,Grmay Tsgabu,11,Lampre - Merida,49:15 49:15,-,10,2015
22,82,69,+56:53,12.0,Chevrier Cl\xe9ment,12,IAM Cycling,56:50 56:50,-,10,2015
23,159,74,+1:01:07,14.0,Villella Davide,13,Team Cannondale - Garmin,1:01:04 1:01:04,\u25b21,10,2015
24,4,75,+1:01:47,15.0,Domont Axel,14,AG2R La Mondiale,1:01:44 1:01:44,\u25b21,10,2015
25,19,77,+1:03:34,16.0,Zilioli Gianfranco,15,Androni Giocattoli - Sidermec,1:03:31 1:03:31,\u25b21,10,2015
24,131,78,+1:03:47,13.0,Matthews Michael,16,Orica GreenEDGE,1:03:44 1:03:44,\u25bc3,10,2015
24,114,83,+1:05:49,17.0,Fern\xe1ndez Rub\xe9n,17,Movistar Team,1:05:46 1:05:46,-,10,2015
21,47,85,+1:09:01,19.0,K\xfcng Stefan,18,BMC Racing Team,1:08:58 1:08:58,\u25b21,10,2015
23,153,86,+1:09:11,18.0,Brown Nathan,19,Team Cannondale - Garmin,1:09:08 1:09:08,\u25bc1,10,2015
25,36,89,+1:11:37,20.0,Colbrelli Sonny,20,Bardiani - CSF Pro Team,1:11:34 1:11:34,-,10,2015
25,32,96,+1:16:26,21.0,Barbin Enrico,21,Bardiani - CSF Pro Team,1:16:23 1:16:23,-,10,2015
24,168,97,+1:17:11,22.0,Ludvigsson Tobias,22,Team Giant - Alpecin,1:17:08 1:17:08,-,10,2015
24,7,111,+1:32:04,23.0,Houle Hugo,23,AG2R La Mondiale,1:32:01 1:32:01,-,10,2015
22,69,112,+1:32:39,25.0,Vakoc Petr,24,Etixx - Quick Step,1:32:36 1:32:36,\u25b21,10,2015
24,135,117,+1:34:26,24.0,Durbridge Luke,25,Orica GreenEDGE,1:34:23 1:34:23,\u25bc1,10,2015
23,188,126,+1:38:26,26.0,van der Lijke Nick,26,Team LottoNL-Jumbo,1:38:23 1:38:23,-,10,2015
22,35,128,+1:39:32,27.0,Chirico Luca,27,Bardiani - CSF Pro Team,1:39:29 1:39:29,-,10,2015
22,118,129,+1:39:45,28.0,Quintana Dayer,28,Movistar Team,1:39:42 1:39:42,-,10,2015
25,56,130,+1:39:50,29.0,Owsian Lukasz,29,CCC Sprandi Polkowice,1:39:47 1:39:47,-,10,2015
23,122,136,+1:43:02,30.0,Berlato Giacomo,30,Nippo - Vini Fantini,1:42:59 1:42:59,-,10,2015
24,212,143,+1:45:45,31.0,Alafaci Eugenio,31,Trek Factory Racing,1:45:42 1:45:42,-,10,2015
23,184,153,+1:53:13,32.0,Hofland Moreno,32,Team LottoNL-Jumbo,1:53:10 1:53:10,-,10,2015
25,173,157,+1:56:49,33.0,Chernetski Sergei,33,Team Katusha,1:56:46 1:56:46,-,10,2015
25,216,159,+1:57:41,34.0,Silvestre F\xe1bio,34,Trek Factory Racing,1:57:38 1:57:38,-,10,2015
21,49,160,+1:57:59,35.0,Zabel Rick,35,BMC Racing Team,1:57:56 1:57:56,-,10,2015
23,162,165,+2:02:43,36.0,Arndt Nikias,36,Team Giant - Alpecin,45:52 45:52,-,10,2015
24,38,168,+2:07:58,39.0,Ruffoni Nicola,37,Bardiani - CSF Pro Team,2:07:55 2:07:55,\u25b22,10,2015
22,219,170,+2:10:04,38.0,Watson Calvin,38,Trek Factory Racing,2:10:01 2:10:01,-,10,2015
21,109,171,+2:10:15,37.0,Vervaeke Louis,39,Lotto Soudal,2:10:12 2:10:12,\u25bc2,10,2015
23,129,172,+2:11:43,41.0,Stacchiotti Riccardo,40,Nippo - Vini Fantini,2:11:40 2:11:40,\u25b21,10,2015
22,126,176,+2:16:16,42.0,Grosu Eduard Michael,41,Nippo - Vini Fantini,2:16:13 2:16:13,\u25b21,10,2015
25,103,181,+2:18:21,40.0,Broeckx Stig,42,Lotto Soudal,2:18:18 2:18:18,\u25bc2,10,2015
25,149,182,+2:20:48,43.0,Zhupa Eugert,43,Southeast,2:20:45 2:20:45,-,10,2015
23,137,184,+2:25:03,44.0,Hepburn Michael,44,Orica GreenEDGE,2:25:00 2:25:00,-,10,2015
24,21,2,+0:03,1.0,Aru Fabio,1,Astana Pro Team,46:54:22 46:54:22,-,11,2015
22,156,11,+3:01,2.0,Formolo Davide,2,Team Cannondale - Garmin,2:58 2:58,-,11,2015
25,133,32,+27:30,4.0,Chaves Johan Esteban,3,Orica GreenEDGE,27:27 27:27,\u25b21,11,2015
23,97,39,+38:31,3.0,Polanc Jan,4,Lampre - Merida,38:28 38:28,\u25bc1,11,2015
24,31,40,+41:00,5.0,Bongiorno Francesco Manuel,5,Bardiani - CSF Pro Team,40:57 40:57,-,11,2015
23,73,49,+49:24,6.0,Elissonde Kenny,6,FDJ,49:21 49:21,-,11,2015
25,215,59,+59:00,7.0,Felline Fabio,7,Trek Factory Racing,58:57 58:57,-,11,2015
24,131,63,+1:03:47,16.0,Matthews Michael,8,Orica GreenEDGE,1:03:44 1:03:44,\u25b28,11,2015
24,115,64,+1:04:09,8.0,Herrada Jes\xfas,9,Movistar Team,1:04:06 1:04:06,\u25bc1,11,2015
21,193,68,+1:06:30,9.0,Henao Sebasti\xe1n,10,Team Sky,48:49 48:49,\u25bc1,11,2015
24,46,69,+1:06:58,10.0,Dillier Silvan,11,BMC Racing Team,1:06:55 1:06:55,\u25bc1,11,2015
23,92,70,+1:07:21,11.0,Grmay Tsgabu,12,Lampre - Merida,1:07:18 1:07:18,\u25bc1,11,2015
21,47,74,+1:12:25,18.0,K\xfcng Stefan,13,BMC Racing Team,1:12:22 1:12:22,\u25b25,11,2015
22,82,76,+1:14:56,12.0,Chevrier Cl\xe9ment,14,IAM Cycling,1:14:53 1:14:53,\u25bc2,11,2015
23,159,83,+1:19:10,13.0,Villella Davide,15,Team Cannondale - Garmin,1:19:07 1:19:07,\u25bc2,11,2015
24,4,85,+1:19:50,14.0,Domont Axel,16,AG2R La Mondiale,1:19:47 1:19:47,\u25bc2,11,2015
25,19,86,+1:21:37,15.0,Zilioli Gianfranco,17,Androni Giocattoli - Sidermec,1:21:34 1:21:34,\u25bc2,11,2015
24,114,87,+1:22:52,17.0,Fern\xe1ndez Rub\xe9n,18,Movistar Team,1:22:49 1:22:49,\u25bc1,11,2015
23,153,92,+1:27:14,19.0,Brown Nathan,19,Team Cannondale - Garmin,1:27:11 1:27:11,-,11,2015
25,36,94,+1:29:40,20.0,Colbrelli Sonny,20,Bardiani - CSF Pro Team,1:29:37 1:29:37,-,11,2015
25,32,101,+1:34:29,21.0,Barbin Enrico,21,Bardiani - CSF Pro Team,1:34:26 1:34:26,-,11,2015
24,168,103,+1:35:14,22.0,Ludvigsson Tobias,22,Team Giant - Alpecin,1:35:11 1:35:11,-,11,2015
22,35,110,+1:39:32,27.0,Chirico Luca,23,Bardiani - CSF Pro Team,1:39:29 1:39:29,\u25b24,11,2015
23,122,117,+1:48:49,30.0,Berlato Giacomo,24,Nippo - Vini Fantini,1:48:46 1:48:46,\u25b26,11,2015
24,7,118,+1:50:07,23.0,Houle Hugo,25,AG2R La Mondiale,1:50:04 1:50:04,\u25bc2,11,2015
22,69,120,+1:50:42,24.0,Vakoc Petr,26,Etixx - Quick Step,1:50:39 1:50:39,\u25bc2,11,2015
24,135,123,+1:51:29,25.0,Durbridge Luke,27,Orica GreenEDGE,1:51:26 1:51:26,\u25bc2,11,2015
23,188,131,+1:56:29,26.0,van der Lijke Nick,28,Team LottoNL-Jumbo,1:56:26 1:56:26,\u25bc2,11,2015
22,118,132,+1:57:48,28.0,Quintana Dayer,29,Movistar Team,1:57:45 1:57:45,\u25bc1,11,2015
25,56,133,+1:57:53,29.0,Owsian Lukasz,30,CCC Sprandi Polkowice,1:57:50 1:57:50,\u25bc1,11,2015
25,173,142,+2:02:42,33.0,Chernetski Sergei,31,Team Katusha,2:02:39 2:02:39,\u25b22,11,2015
24,212,145,+2:03:48,31.0,Alafaci Eugenio,32,Trek Factory Racing,2:03:45 2:03:45,\u25bc1,11,2015
23,184,154,+2:11:16,32.0,Hofland Moreno,33,Team LottoNL-Jumbo,2:11:13 2:11:13,\u25bc1,11,2015
25,216,160,+2:15:44,34.0,Silvestre F\xe1bio,34,Trek Factory Racing,2:15:41 2:15:41,-,11,2015
21,49,161,+2:16:02,35.0,Zabel Rick,35,BMC Racing Team,2:15:59 2:15:59,-,11,2015
23,162,166,+2:20:46,36.0,Arndt Nikias,36,Team Giant - Alpecin,2:20:43 2:20:43,-,11,2015
24,38,169,+2:26:01,37.0,Ruffoni Nicola,37,Bardiani - CSF Pro Team,2:25:58 2:25:58,-,11,2015
22,219,170,+2:28:07,38.0,Watson Calvin,38,Trek Factory Racing,2:28:04 2:28:04,-,11,2015
21,109,171,+2:28:18,39.0,Vervaeke Louis,39,Lotto Soudal,2:28:15 2:28:15,-,11,2015
23,129,172,+2:29:46,40.0,Stacchiotti Riccardo,40,Nippo - Vini Fantini,2:29:43 2:29:43,-,11,2015
22,126,176,+2:34:19,41.0,Grosu Eduard Michael,41,Nippo - Vini Fantini,2:34:16 2:34:16,-,11,2015
25,103,181,+2:36:24,42.0,Broeckx Stig,42,Lotto Soudal,2:36:21 2:36:21,-,11,2015
25,149,182,+2:38:51,43.0,Zhupa Eugert,43,Southeast,2:38:48 2:38:48,-,11,2015
23,137,184,+2:43:06,44.0,Hepburn Michael,44,Orica GreenEDGE,2:43:03 2:43:03,-,11,2015
24,21,2,+0:17,1.0,Aru Fabio,1,Astana Pro Team,51:17:23 51:17:23,-,12,2015
22,156,11,+3:10,2.0,Formolo Davide,2,Team Cannondale - Garmin,2:53 2:53,-,12,2015
25,133,35,+41:09,3.0,Chaves Johan Esteban,3,Orica GreenEDGE,40:52 40:52,-,12,2015
23,97,40,+47:05,4.0,Polanc Jan,4,Lampre - Merida,46:48 46:48,-,12,2015
24,31,45,+58:24,5.0,Bongiorno Francesco Manuel,5,Bardiani - CSF Pro Team,58:07 58:07,-,12,2015
25,215,48,+59:50,7.0,Felline Fabio,6,Trek Factory Racing,59:33 59:33,\u25b21,12,2015
24,131,53,+1:04:19,8.0,Matthews Michael,7,Orica GreenEDGE,1:04:02 1:04:02,\u25b21,12,2015
23,73,58,+1:06:48,6.0,Elissonde Kenny,8,FDJ,1:06:31 1:06:31,\u25bc2,12,2015
24,46,61,+1:08:43,11.0,Dillier Silvan,9,BMC Racing Team,1:08:26 1:08:26,\u25b22,12,2015
21,193,70,+1:15:04,10.0,Henao Sebasti\xe1n,10,Team Sky,1:14:47 1:14:47,-,12,2015
24,115,72,+1:20:12,9.0,Herrada Jes\xfas,11,Movistar Team,1:19:55 1:19:55,\u25bc2,12,2015
23,92,75,+1:24:45,12.0,Grmay Tsgabu,12,Lampre - Merida,1:24:28 1:24:28,-,12,2015
24,4,79,+1:29:48,16.0,Domont Axel,13,AG2R La Mondiale,1:29:31 1:29:31,\u25b23,12,2015
22,82,82,+1:32:20,14.0,Chevrier Cl\xe9ment,14,IAM Cycling,1:32:03 1:32:03,-,12,2015
23,159,83,+1:32:49,15.0,Villella Davide,15,Team Cannondale - Garmin,1:32:32 1:32:32,-,12,2015
23,153,85,+1:34:25,19.0,Brown Nathan,16,Team Cannondale - Garmin,1:34:08 1:34:08,\u25b23,12,2015
25,19,89,+1:37:32,17.0,Zilioli Gianfranco,17,Androni Giocattoli - Sidermec,1:37:15 1:37:15,-,12,2015
24,114,90,+1:38:55,18.0,Fern\xe1ndez Rub\xe9n,18,Movistar Team,1:38:38 1:38:38,-,12,2015
24,168,92,+1:41:12,22.0,Ludvigsson Tobias,19,Team Giant - Alpecin,1:40:55 1:40:55,\u25b23,12,2015
25,36,99,+1:47:04,20.0,Colbrelli Sonny,20,Bardiani - CSF Pro Team,1:46:47 1:46:47,-,12,2015
23,122,102,+1:50:19,24.0,Berlato Giacomo,21,Nippo - Vini Fantini,1:50:02 1:50:02,\u25b23,12,2015
25,32,104,+1:51:48,21.0,Barbin Enrico,22,Bardiani - CSF Pro Team,1:51:31 1:51:31,\u25bc1,12,2015
22,35,113,+1:56:56,23.0,Chirico Luca,23,Bardiani - CSF Pro Team,1:56:39 1:56:39,-,12,2015
22,69,116,+2:01:39,26.0,Vakoc Petr,24,Etixx - Quick Step,2:01:22 2:01:22,\u25b22,12,2015
24,135,123,+2:05:08,27.0,Durbridge Luke,25,Orica GreenEDGE,2:04:51 2:04:51,\u25b22,12,2015
24,7,124,+2:07:31,25.0,Houle Hugo,26,AG2R La Mondiale,2:07:14 2:07:14,\u25bc1,12,2015
25,173,129,+2:11:16,31.0,Chernetski Sergei,27,Team Katusha,2:10:59 2:10:59,\u25b24,12,2015
22,118,131,+2:11:27,29.0,Quintana Dayer,28,Movistar Team,2:11:10 2:11:10,\u25b21,12,2015
23,188,133,+2:12:36,28.0,van der Lijke Nick,29,Team LottoNL-Jumbo,2:13:33 2:13:33,\u25bc1,12,2015
25,56,135,+2:15:17,30.0,Owsian Lukasz,30,CCC Sprandi Polkowice,2:15:00 2:15:00,-,12,2015
24,212,143,+2:20:06,32.0,Alafaci Eugenio,31,Trek Factory Racing,2:19:49 2:19:49,\u25b21,12,2015
23,184,151,+2:27:34,33.0,Hofland Moreno,32,Team LottoNL-Jumbo,2:27:17 2:27:17,\u25b21,12,2015
21,49,154,+2:29:41,35.0,Zabel Rick,33,BMC Racing Team,2:29:24 2:29:24,\u25b22,12,2015
25,216,158,+2:33:08,34.0,Silvestre F\xe1bio,34,Trek Factory Racing,2:32:51 2:32:51,-,12,2015
23,162,163,+2:37:22,36.0,Arndt Nikias,35,Team Giant - Alpecin,2:37:05 2:37:05,\u25b21,12,2015
24,38,166,+54:31,37.0,Ruffoni Nicola,36,Bardiani - CSF Pro Team,54:31 54:31,\u25b21,12,2015
21,109,167,+2:44:21,39.0,Vervaeke Louis,37,Lotto Soudal,2:44:04 2:44:04,\u25b22,12,2015
22,219,168,+2:45:31,38.0,Watson Calvin,38,Trek Factory Racing,2:45:14 2:45:14,-,12,2015
23,129,169,+2:47:10,40.0,Stacchiotti Riccardo,39,Nippo - Vini Fantini,2:46:53 2:46:53,\u25b21,12,2015
25,103,170,+2:50:03,42.0,Broeckx Stig,40,Lotto Soudal,2:49:46 2:49:46,\u25b22,12,2015
22,126,174,+2:51:43,41.0,Grosu Eduard Michael,41,Nippo - Vini Fantini,2:51:26 2:51:26,-,12,2015
25,149,179,+2:56:15,43.0,Zhupa Eugert,42,Southeast,2:55:58 2:55:58,\u25b21,12,2015
23,137,182,+3:00:30,44.0,Hepburn Michael,43,Orica GreenEDGE,3:00:13 3:00:13,\u25b21,12,2015
24,21,1,+0:00,1.0,Aru Fabio,1,Astana Pro Team,54:20:35 54:20:35,-,13,2015
22,156,14,+3:59,2.0,Formolo Davide,2,Team Cannondale - Garmin,3:59 3:59,-,13,2015
25,133,35,+43:35,3.0,Chaves Johan Esteban,3,Orica GreenEDGE,43:35 43:35,-,13,2015
23,97,41,+49:31,4.0,Polanc Jan,4,Lampre - Merida,49:31 49:31,-,13,2015
24,31,45,+1:00:50,5.0,Bongiorno Francesco Manuel,5,Bardiani - CSF Pro Team,1:00:50 1:00:50,-,13,2015
25,215,47,+1:01:40,6.0,Felline Fabio,6,Trek Factory Racing,1:01:40 1:01:40,-,13,2015
24,131,51,+1:03:58,7.0,Matthews Michael,7,Orica GreenEDGE,1:03:58 1:03:58,-,13,2015
24,46,59,+1:09:08,9.0,Dillier Silvan,8,BMC Racing Team,1:09:08 1:09:08,\u25b21,13,2015
23,73,60,+1:09:14,8.0,Elissonde Kenny,9,FDJ,1:09:14 1:09:14,\u25bc1,13,2015
21,193,69,+1:17:30,10.0,Henao Sebasti\xe1n,10,Team Sky,1:17:30 1:17:30,-,13,2015
24,115,70,+1:21:27,11.0,Herrada Jes\xfas,11,Movistar Team,1:21:27 1:21:27,-,13,2015
23,92,76,+1:27:49,12.0,Grmay Tsgabu,12,Lampre - Merida,1:27:49 1:27:49,-,13,2015
24,4,78,+1:32:14,13.0,Domont Axel,13,AG2R La Mondiale,1:32:14 1:32:14,-,13,2015
22,82,80,+1:34:10,14.0,Chevrier Cl\xe9ment,14,IAM Cycling,1:34:10 1:34:10,-,13,2015
23,159,81,+1:34:20,15.0,Villella Davide,15,Team Cannondale - Garmin,1:34:20 1:34:20,-,13,2015
23,153,84,+1:35:14,16.0,Brown Nathan,16,Team Cannondale - Garmin,1:35:14 1:35:14,-,13,2015
24,114,87,+1:39:14,18.0,Fern\xe1ndez Rub\xe9n,17,Movistar Team,1:39:14 1:39:14,\u25b21,13,2015
25,19,88,+1:39:58,17.0,Zilioli Gianfranco,18,Androni Giocattoli - Sidermec,2:13:04 2:13:04,\u25bc1,13,2015
24,168,91,+1:43:02,19.0,Ludvigsson Tobias,19,Team Giant - Alpecin,1:43:02 1:43:02,-,13,2015
25,36,99,+1:48:19,20.0,Colbrelli Sonny,20,Bardiani - CSF Pro Team,1:48:19 1:48:19,-,13,2015
23,122,100,+1:50:38,21.0,Berlato Giacomo,21,Nippo - Vini Fantini,1:50:38 1:50:38,-,13,2015
25,32,104,+1:54:52,22.0,Barbin Enrico,22,Bardiani - CSF Pro Team,1:54:52 1:54:52,-,13,2015
22,35,110,+1:59:22,23.0,Chirico Luca,23,Bardiani - CSF Pro Team,1:59:22 1:59:22,-,13,2015
22,69,116,+2:02:54,24.0,Vakoc Petr,24,Etixx - Quick Step,2:02:54 2:02:54,-,13,2015
24,135,122,+2:06:10,25.0,Durbridge Luke,25,Orica GreenEDGE,2:06:10 2:06:10,-,13,2015
24,7,125,+2:11:21,26.0,Houle Hugo,26,AG2R La Mondiale,2:11:21 2:11:21,-,13,2015
22,118,126,+2:11:46,28.0,Quintana Dayer,27,Movistar Team,2:11:46 2:11:46,\u25b21,13,2015
25,173,129,+2:12:31,27.0,Chernetski Sergei,28,Team Katusha,2:12:31 2:12:31,\u25bc1,13,2015
23,188,132,+2:13:33,29.0,van der Lijke Nick,29,Team LottoNL-Jumbo,2:13:33 2:13:33,-,13,2015
25,56,137,+2:17:43,30.0,Owsian Lukasz,30,CCC Sprandi Polkowice,2:17:43 2:17:43,-,13,2015
24,212,148,+2:26:54,31.0,Alafaci Eugenio,31,Trek Factory Racing,2:26:54 2:26:54,-,13,2015
23,184,149,+2:27:13,32.0,Hofland Moreno,32,Team LottoNL-Jumbo,2:27:13 2:27:13,-,13,2015
21,49,154,+2:32:02,33.0,Zabel Rick,33,BMC Racing Team,2:32:02 2:32:02,-,13,2015
23,162,159,+2:37:27,35.0,Arndt Nikias,34,Team Giant - Alpecin,2:37:27 2:37:27,\u25b21,13,2015
25,216,161,+2:37:57,34.0,Silvestre F\xe1bio,35,Trek Factory Racing,2:37:57 2:37:57,\u25bc1,13,2015
24,38,164,+2:43:04,36.0,Ruffoni Nicola,36,Bardiani - CSF Pro Team,2:43:04 2:43:04,-,13,2015
23,129,166,+2:46:59,39.0,Stacchiotti Riccardo,37,Nippo - Vini Fantini,2:46:59 2:46:59,\u25b22,13,2015
21,109,167,+2:48:24,37.0,Vervaeke Louis,38,Lotto Soudal,2:48:24 2:48:24,\u25bc1,13,2015
22,219,168,+2:49:04,38.0,Watson Calvin,39,Trek Factory Racing,2:49:04 2:49:04,\u25bc1,13,2015
25,103,169,+2:50:08,40.0,Broeckx Stig,40,Lotto Soudal,2:50:08 2:50:08,-,13,2015
22,126,170,+2:51:22,41.0,Grosu Eduard Michael,41,Nippo - Vini Fantini,2:51:22 2:51:22,-,13,2015
25,149,177,+2:55:58,42.0,Zhupa Eugert,42,Southeast,2:55:58 2:55:58,-,13,2015
23,137,181,+3:05:19,43.0,Hepburn Michael,43,Orica GreenEDGE,3:05:19 3:05:19,-,13,2015
24,21,2,+2:28,1.0,Aru Fabio,1,Astana Pro Team,55:41:28 55:41:28,-,14,2015
22,156,19,+9:05,2.0,Formolo Davide,2,Team Cannondale - Garmin,6:37 6:37,-,14,2015
25,133,39,+52:14,3.0,Chaves Johan Esteban,3,Orica GreenEDGE,49:46 49:46,-,14,2015
23,97,42,+55:21,4.0,Polanc Jan,4,Lampre - Merida,52:53 52:53,-,14,2015
25,215,45,+1:02:33,6.0,Felline Fabio,5,Trek Factory Racing,1:00:05 1:00:05,\u25b21,14,2015
24,31,52,+1:10:25,5.0,Bongiorno Francesco Manuel,6,Bardiani - CSF Pro Team,1:07:57 1:07:57,\u25bc1,14,2015
24,46,55,+1:11:53,8.0,Dillier Silvan,7,BMC Racing Team,1:09:25 1:09:25,\u25b21,14,2015
23,73,63,+1:21:02,9.0,Elissonde Kenny,8,FDJ,1:18:34 1:18:34,\u25b21,14,2015
21,193,64,+1:23:01,10.0,Henao Sebasti\xe1n,9,Team Sky,1:20:33 1:20:33,\u25b21,14,2015
24,115,69,+1:27:07,11.0,Herrada Jes\xfas,10,Movistar Team,1:24:39 1:24:39,\u25b21,14,2015
24,4,77,+1:37:16,13.0,Domont Axel,11,AG2R La Mondiale,1:34:48 1:34:48,\u25b22,14,2015
23,92,78,+1:37:25,12.0,Grmay Tsgabu,12,Lampre - Merida,1:34:57 1:34:57,-,14,2015
23,153,79,+1:39:16,16.0,Brown Nathan,13,Team Cannondale - Garmin,1:36:48 1:36:48,\u25b23,14,2015
23,159,80,+1:39:30,15.0,Villella Davide,14,Team Cannondale - Garmin,1:37:02 1:37:02,\u25b21,14,2015
22,82,83,+1:41:17,14.0,Chevrier Cl\xe9ment,15,IAM Cycling,1:38:49 1:38:49,\u25bc1,14,2015
24,168,87,+1:43:56,19.0,Ludvigsson Tobias,16,Team Giant - Alpecin,1:41:28 1:41:28,\u25b23,14,2015
25,19,91,+1:45:58,18.0,Zilioli Gianfranco,17,Androni Giocattoli - Sidermec,1:43:30 1:43:30,\u25b21,14,2015
24,114,92,+1:47:26,17.0,Fern\xe1ndez Rub\xe9n,18,Movistar Team,1:44:58 1:44:58,\u25bc1,14,2015
23,122,96,+1:54:18,21.0,Berlato Giacomo,19,Nippo - Vini Fantini,1:51:50 1:51:50,\u25b22,14,2015
25,36,101,+1:57:56,20.0,Colbrelli Sonny,20,Bardiani - CSF Pro Team,1:55:28 1:55:28,-,14,2015
25,32,106,+2:04:12,22.0,Barbin Enrico,21,Bardiani - CSF Pro Team,2:01:44 2:01:44,\u25b21,14,2015
24,135,111,+2:07:13,25.0,Durbridge Luke,22,Orica GreenEDGE,2:04:45 2:04:45,\u25b23,14,2015
22,35,115,+2:08:37,23.0,Chirico Luca,23,Bardiani - CSF Pro Team,2:06:09 2:06:09,-,14,2015
22,69,117,+2:11:46,24.0,Vakoc Petr,24,Etixx - Quick Step,2:09:18 2:09:18,-,14,2015
24,7,122,+2:14:33,26.0,Houle Hugo,25,AG2R La Mondiale,2:12:05 2:12:05,\u25b21,14,2015
23,188,123,+2:18:15,29.0,van der Lijke Nick,26,Team LottoNL-Jumbo,2:15:47 2:15:47,\u25b23,14,2015
25,173,128,+2:19:39,28.0,Chernetski Sergei,27,Team Katusha,2:17:11 2:17:11,\u25b21,14,2015
22,118,134,+2:22:34,27.0,Quintana Dayer,28,Movistar Team,2:20:06 2:20:06,\u25bc1,14,2015
25,56,135,+2:24:39,30.0,Owsian Lukasz,29,CCC Sprandi Polkowice,2:22:11 2:22:11,\u25b21,14,2015
24,212,146,+2:34:17,31.0,Alafaci Eugenio,30,Trek Factory Racing,2:31:49 2:31:49,\u25b21,14,2015
23,184,147,+2:34:25,32.0,Hofland Moreno,31,Team LottoNL-Jumbo,2:31:57 2:31:57,\u25b21,14,2015
21,49,152,+2:41:01,33.0,Zabel Rick,32,BMC Racing Team,2:38:33 2:38:33,\u25b21,14,2015
25,216,156,+2:44:54,35.0,Silvestre F\xe1bio,33,Trek Factory Racing,2:42:26 2:42:26,\u25b22,14,2015
23,162,159,+2:47:08,34.0,Arndt Nikias,34,Team Giant - Alpecin,2:44:40 2:44:40,-,14,2015
21,109,161,+2:53:02,38.0,Vervaeke Louis,35,Lotto Soudal,2:50:34 2:50:34,\u25b23,14,2015
25,103,162,+2:54:05,40.0,Broeckx Stig,36,Lotto Soudal,2:51:37 2:51:37,\u25b24,14,2015
24,38,163,+2:55:05,36.0,Ruffoni Nicola,37,Bardiani - CSF Pro Team,2:52:37 2:52:37,\u25bc1,14,2015
22,219,164,+2:55:31,39.0,Watson Calvin,38,Trek Factory Racing,2:53:03 2:53:03,\u25b21,14,2015
23,129,165,+2:55:45,37.0,Stacchiotti Riccardo,39,Nippo - Vini Fantini,2:53:17 2:53:17,\u25bc2,14,2015
22,126,166,+2:57:06,41.0,Grosu Eduard Michael,40,Nippo - Vini Fantini,2:54:38 2:54:38,\u25b21,14,2015
25,149,172,+3:04:09,42.0,Zhupa Eugert,41,Southeast,3:01:41 3:01:41,\u25b21,14,2015
23,137,175,+3:07:59,43.0,Hepburn Michael,42,Orica GreenEDGE,3:05:31 3:05:31,\u25b21,14,2015
24,21,2,+2:35,1.0,Aru Fabio,1,Astana Pro Team,60:04:09 60:04:09,-,15,2015
22,156,21,+17:06,2.0,Formolo Davide,2,Team Cannondale - Garmin,14:31 14:31,-,15,2015
25,215,38,+1:10:24,5.0,Felline Fabio,3,Trek Factory Racing,1:07:49 1:07:49,\u25b22,15,2015
25,133,46,+1:23:53,3.0,Chaves Johan Esteban,4,Orica GreenEDGE,1:21:18 1:21:18,\u25bc1,15,2015
23,97,49,+1:27:00,4.0,Polanc Jan,5,Lampre - Merida,1:24:25 1:24:25,\u25bc1,15,2015
24,31,52,+1:27:43,6.0,Bongiorno Francesco Manuel,6,Bardiani - CSF Pro Team,1:25:08 1:25:08,-,15,2015
21,193,55,+1:29:34,9.0,Henao Sebasti\xe1n,7,Team Sky,1:26:59 1:26:59,\u25b22,15,2015
24,46,64,+1:38:58,7.0,Dillier Silvan,8,BMC Racing Team,1:36:23 1:36:23,\u25bc1,15,2015
23,73,67,+1:45:08,8.0,Elissonde Kenny,9,FDJ,1:42:33 1:42:33,\u25bc1,15,2015
24,115,68,+1:46:43,10.0,Herrada Jes\xfas,10,Movistar Team,1:44:08 1:44:08,-,15,2015
24,4,69,+1:51:19,11.0,Domont Axel,11,AG2R La Mondiale,1:48:44 1:48:44,-,15,2015
23,159,71,+1:56:05,14.0,Villella Davide,12,Team Cannondale - Garmin,1:53:30 1:53:30,\u25b22,15,2015
23,153,72,+1:56:34,13.0,Brown Nathan,13,Team Cannondale - Garmin,1:53:59 1:53:59,-,15,2015
22,82,73,+1:57:52,15.0,Chevrier Cl\xe9ment,14,IAM Cycling,1:55:17 1:55:17,\u25b21,15,2015
25,19,83,+2:02:33,17.0,Zilioli Gianfranco,15,Androni Giocattoli - Sidermec,1:59:58 1:59:58,\u25b22,15,2015
24,114,85,+2:04:44,18.0,Fern\xe1ndez Rub\xe9n,16,Movistar Team,2:02:09 2:02:09,\u25b22,15,2015
23,92,89,+2:09:04,12.0,Grmay Tsgabu,17,Lampre - Merida,2:06:29 2:06:29,\u25bc5,15,2015
24,168,92,+2:15:35,16.0,Ludvigsson Tobias,18,Team Giant - Alpecin,2:13:00 2:13:00,\u25bc2,15,2015
23,122,95,+2:21:23,19.0,Berlato Giacomo,19,Nippo - Vini Fantini,2:18:48 2:18:48,-,15,2015
22,35,97,+2:22:40,23.0,Chirico Luca,20,Bardiani - CSF Pro Team,2:20:05 2:20:05,\u25b23,15,2015
25,36,100,+2:25:08,20.0,Colbrelli Sonny,21,Bardiani - CSF Pro Team,2:22:33 2:22:33,\u25bc1,15,2015
23,188,108,+2:35:33,26.0,van der Lijke Nick,22,Team LottoNL-Jumbo,2:32:58 2:32:58,\u25b24,15,2015
25,32,109,+2:35:51,21.0,Barbin Enrico,23,Bardiani - CSF Pro Team,2:33:16 2:33:16,\u25bc2,15,2015
24,135,114,+2:38:52,22.0,Durbridge Luke,24,Orica GreenEDGE,2:36:17 2:36:17,\u25bc2,15,2015
22,69,117,+2:39:20,24.0,Vakoc Petr,25,Etixx - Quick Step,2:36:45 2:36:45,\u25bc1,15,2015
22,118,118,+2:39:52,28.0,Quintana Dayer,26,Movistar Team,2:37:17 2:37:17,\u25b22,15,2015
24,7,123,+2:46:12,25.0,Houle Hugo,27,AG2R La Mondiale,2:43:37 2:43:37,\u25bc2,15,2015
25,173,126,+2:46:44,27.0,Chernetski Sergei,28,Team Katusha,2:44:09 2:44:09,\u25bc1,15,2015
25,56,128,+2:51:44,29.0,Owsian Lukasz,29,CCC Sprandi Polkowice,2:49:09 2:49:09,-,15,2015
24,212,143,+3:05:56,30.0,Alafaci Eugenio,30,Trek Factory Racing,3:03:21 3:03:21,-,15,2015
23,184,144,+3:06:04,31.0,Hofland Moreno,31,Team LottoNL-Jumbo,3:03:29 3:03:29,-,15,2015
21,49,149,+3:12:40,32.0,Zabel Rick,32,BMC Racing Team,3:10:05 3:10:05,-,15,2015
25,216,153,+3:16:33,33.0,Silvestre F\xe1bio,33,Trek Factory Racing,3:13:58 3:13:58,-,15,2015
21,109,154,+3:17:08,35.0,Vervaeke Louis,34,Lotto Soudal,3:14:33 3:14:33,\u25b21,15,2015
23,162,157,+3:19:20,34.0,Arndt Nikias,35,Team Giant - Alpecin,3:16:45 3:16:45,\u25bc1,15,2015
25,103,159,+3:25:44,36.0,Broeckx Stig,36,Lotto Soudal,3:23:09 3:23:09,-,15,2015
22,219,160,+3:27:10,38.0,Watson Calvin,37,Trek Factory Racing,3:24:35 3:24:35,\u25b21,15,2015
23,129,161,+3:27:24,39.0,Stacchiotti Riccardo,38,Nippo - Vini Fantini,3:24:49 3:24:49,\u25b21,15,2015
22,126,162,+3:28:45,40.0,Grosu Eduard Michael,39,Nippo - Vini Fantini,3:26:10 3:26:10,\u25b21,15,2015
25,149,168,+3:35:48,41.0,Zhupa Eugert,40,Southeast,3:33:13 3:33:13,\u25b21,15,2015
23,137,170,+3:39:38,42.0,Hepburn Michael,41,Orica GreenEDGE,3:37:03 3:37:03,\u25b21,15,2015
24,21,3,+4:52,1.0,Aru Fabio,1,Astana Pro Team,65:09:51 65:09:51,-,16,2015
22,156,25,+48:09,2.0,Formolo Davide,2,Team Cannondale - Garmin,43:17 43:17,-,16,2015
25,215,38,+1:31:58,3.0,Felline Fabio,3,Trek Factory Racing,1:27:06 1:27:06,-,16,2015
25,133,43,+1:45:27,4.0,Chaves Johan Esteban,4,Orica GreenEDGE,1:40:35 1:40:35,-,16,2015
21,193,47,+1:51:08,7.0,Henao Sebasti\xe1n,5,Team Sky,1:46:16 1:46:16,\u25b22,16,2015
24,31,53,+1:54:59,6.0,Bongiorno Francesco Manuel,6,Bardiani - CSF Pro Team,1:50:07 1:50:07,-,16,2015
24,46,59,+2:00:42,8.0,Dillier Silvan,7,BMC Racing Team,1:55:40 1:55:40,\u25b21,16,2015
23,97,61,+2:05:02,5.0,Polanc Jan,8,Lampre - Merida,1:59:50 1:59:50,\u25bc3,16,2015
23,73,64,+2:12:34,9.0,Elissonde Kenny,9,FDJ,2:07:32 2:07:32,-,16,2015
24,115,66,+2:17:46,10.0,Herrada Jes\xfas,10,Movistar Team,2:12:54 2:12:54,-,16,2015
23,153,67,+2:18:08,13.0,Brown Nathan,11,Team Cannondale - Garmin,2:13:16 2:13:16,\u25b22,16,2015
22,82,70,+2:22:27,14.0,Chevrier Cl\xe9ment,12,IAM Cycling,2:17:35 2:17:35,\u25b22,16,2015
24,114,73,+2:26:18,16.0,Fern\xe1ndez Rub\xe9n,13,Movistar Team,2:21:26 2:21:26,\u25b23,16,2015
25,19,75,+2:26:38,15.0,Zilioli Gianfranco,14,Androni Giocattoli - Sidermec,2:21:46 2:21:46,\u25b21,16,2015
23,159,76,+2:27:08,12.0,Villella Davide,15,Team Cannondale - Garmin,2:22:16 2:22:16,\u25bc3,16,2015
24,4,78,+2:29:01,11.0,Domont Axel,16,AG2R La Mondiale,2:24:09 2:24:09,\u25bc5,16,2015
23,92,88,+2:40:07,17.0,Grmay Tsgabu,17,Lampre - Merida,2:35:15 2:35:15,-,16,2015
22,35,89,+2:40:07,20.0,Chirico Luca,18,Bardiani - CSF Pro Team,",, 2:35:15",\u25b22,16,2015
24,168,91,+2:46:38,18.0,Ludvigsson Tobias,19,Team Giant - Alpecin,2:41:46 2:41:46,\u25bc1,16,2015
23,122,94,+2:52:26,19.0,Berlato Giacomo,20,Nippo - Vini Fantini,2:47:34 2:47:34,\u25bc1,16,2015
25,36,97,+2:56:11,21.0,Colbrelli Sonny,21,Bardiani - CSF Pro Team,2:51:19 2:51:19,-,16,2015
23,188,98,+2:57:07,22.0,van der Lijke Nick,22,Team LottoNL-Jumbo,2:52:15 2:52:15,-,16,2015
22,118,109,+3:10:55,26.0,Quintana Dayer,23,Movistar Team,3:06:03 3:06:03,\u25b23,16,2015
25,32,111,+3:13:36,23.0,Barbin Enrico,24,Bardiani - CSF Pro Team,3:08:44 3:08:44,\u25bc1,16,2015
24,135,115,+3:16:12,24.0,Durbridge Luke,25,Orica GreenEDGE,3:11:20 3:11:20,\u25bc1,16,2015
22,69,117,+3:17:02,25.0,Vakoc Petr,26,Etixx - Quick Step,3:12:10 3:12:10,\u25bc1,16,2015
25,173,118,+3:17:46,28.0,Chernetski Sergei,27,Team Katusha,3:12:54 3:12:54,\u25b21,16,2015
25,56,123,+3:22:47,29.0,Owsian Lukasz,28,CCC Sprandi Polkowice,3:17:55 3:17:55,\u25b21,16,2015
24,7,124,+3:23:32,27.0,Houle Hugo,29,AG2R La Mondiale,3:18:40 3:18:40,\u25bc2,16,2015
24,212,143,+3:43:38,30.0,Alafaci Eugenio,30,Trek Factory Racing,3:38:46 3:38:46,-,16,2015
23,184,144,+3:43:46,31.0,Hofland Moreno,31,Team LottoNL-Jumbo,3:38:54 3:38:54,-,16,2015
21,49,147,+3:50:22,32.0,Zabel Rick,32,BMC Racing Team,3:45:30 3:45:30,-,16,2015
25,216,151,+3:56:28,33.0,Silvestre F\xe1bio,33,Trek Factory Racing,3:51:26 3:51:26,-,16,2015
23,162,153,+3:56:40,35.0,Arndt Nikias,34,Team Giant - Alpecin,3:51:48 3:51:48,\u25b21,16,2015
25,103,156,+4:03:04,36.0,Broeckx Stig,35,Lotto Soudal,3:58:12 3:58:12,\u25b21,16,2015
22,219,157,+4:04:52,37.0,Watson Calvin,36,Trek Factory Racing,4:00:00 4:00:00,\u25b21,16,2015
23,129,158,+4:05:06,38.0,Stacchiotti Riccardo,37,Nippo - Vini Fantini,4:00:14 4:00:14,\u25b21,16,2015
22,126,159,+4:06:27,39.0,Grosu Eduard Michael,38,Nippo - Vini Fantini,4:01:35 4:01:35,\u25b21,16,2015
25,149,164,+4:13:33,40.0,Zhupa Eugert,39,Southeast,4:08:41 4:08:41,\u25b21,16,2015
23,137,166,+4:16:58,41.0,Hepburn Michael,40,Orica GreenEDGE,4:12:06 4:12:06,\u25b21,16,2015
24,21,3,+4:52,1.0,Aru Fabio,1,Astana Pro Team,68:17:42 68:17:42,-,17,2015
22,156,25,+48:21,2.0,Formolo Davide,2,Team Cannondale - Garmin,43:29 43:29,-,17,2015
25,215,37,+1:32:15,3.0,Felline Fabio,3,Trek Factory Racing,1:27:23 1:27:23,-,17,2015
25,133,43,+1:46:02,4.0,Chaves Johan Esteban,4,Orica GreenEDGE,1:41:10 1:41:10,-,17,2015
21,193,47,+1:51:43,5.0,Henao Sebasti\xe1n,5,Team Sky,1:46:51 1:46:51,-,17,2015
24,31,54,+1:57:10,6.0,Bongiorno Francesco Manuel,6,Bardiani - CSF Pro Team,1:52:18 1:52:18,-,17,2015
24,46,57,+2:00:42,7.0,Dillier Silvan,7,BMC Racing Team,1:55:50 1:55:50,-,17,2015
23,97,59,+2:06:04,8.0,Polanc Jan,8,Lampre - Merida,2:01:12 2:01:12,-,17,2015
23,73,63,+2:13:09,9.0,Elissonde Kenny,9,FDJ,2:08:17 2:08:17,-,17,2015
24,115,66,+2:18:33,10.0,Herrada Jes\xfas,10,Movistar Team,2:13:41 2:13:41,-,17,2015
23,153,67,+2:18:53,11.0,Brown Nathan,11,Team Cannondale - Garmin,2:14:01 2:14:01,-,17,2015
22,82,70,+2:22:54,12.0,Chevrier Cl\xe9ment,12,IAM Cycling,2:18:02 2:18:02,-,17,2015
25,19,72,+2:27:54,14.0,Zilioli Gianfranco,13,Androni Giocattoli - Sidermec,2:23:02 2:23:02,\u25b21,17,2015
24,4,74,+2:30:03,16.0,Domont Axel,14,AG2R La Mondiale,2:25:11 2:25:11,\u25b22,17,2015
24,114,75,+2:30:09,13.0,Fern\xe1ndez Rub\xe9n,15,Movistar Team,2:25:17 2:25:17,\u25bc2,17,2015
23,159,79,+2:31:17,15.0,Villella Davide,16,Team Cannondale - Garmin,2:26:25 2:26:25,\u25bc1,17,2015
23,92,89,+2:47:38,17.0,Grmay Tsgabu,17,Lampre - Merida,1:11:28 1:11:28,-,17,2015
22,35,90,+3:15:48,18.0,Chirico Luca,18,Bardiani - CSF Pro Team,",, 1:11:28",-,17,2015
24,168,92,+2:51:38,19.0,Ludvigsson Tobias,19,Team Giant - Alpecin,2:46:46 2:46:46,-,17,2015
25,36,95,+2:56:11,21.0,Colbrelli Sonny,20,Bardiani - CSF Pro Team,2:51:19 2:51:19,\u25b21,17,2015
23,188,96,+2:57:07,22.0,van der Lijke Nick,21,Team LottoNL-Jumbo,2:52:15 2:52:15,\u25b21,17,2015
23,122,98,+2:59:53,20.0,Berlato Giacomo,22,Nippo - Vini Fantini,2:55:01 2:55:01,\u25bc2,17,2015
22,118,110,+3:14:46,23.0,Quintana Dayer,23,Movistar Team,3:09:54 3:09:54,-,17,2015
24,135,113,+3:17:14,25.0,Durbridge Luke,24,Orica GreenEDGE,3:12:22 3:12:22,\u25b21,17,2015
25,173,116,+3:20:14,27.0,Chernetski Sergei,25,Team Katusha,3:15:22 3:15:22,\u25b22,17,2015
22,69,117,+3:20:53,26.0,Vakoc Petr,26,Etixx - Quick Step,3:16:01 3:16:01,-,17,2015
24,7,122,+3:24:48,29.0,Houle Hugo,27,AG2R La Mondiale,3:19:56 3:19:56,\u25b22,17,2015
25,56,125,+3:26:38,28.0,Owsian Lukasz,28,CCC Sprandi Polkowice,3:21:46 3:21:46,-,17,2015
24,212,140,+3:44:54,30.0,Alafaci Eugenio,29,Trek Factory Racing,3:40:02 3:40:02,\u25b21,17,2015
23,184,144,+3:52:25,31.0,Hofland Moreno,30,Team LottoNL-Jumbo,3:47:33 3:47:33,\u25b21,17,2015
21,49,145,+3:53:28,32.0,Zabel Rick,31,BMC Racing Team,3:48:36 3:48:36,\u25b21,17,2015
23,162,147,+3:57:27,34.0,Arndt Nikias,32,Team Giant - Alpecin,3:52:35 3:52:35,\u25b22,17,2015
25,216,152,+4:02:15,33.0,Silvestre F\xe1bio,33,Trek Factory Racing,3:57:23 3:57:23,-,17,2015
25,103,153,+4:03:04,35.0,Broeckx Stig,34,Lotto Soudal,3:58:12 3:58:12,\u25b21,17,2015
22,126,156,+4:06:27,38.0,Grosu Eduard Michael,35,Nippo - Vini Fantini,4:01:35 4:01:35,\u25b23,17,2015
22,219,157,+4:12:23,36.0,Watson Calvin,36,Trek Factory Racing,4:07:31 4:07:31,-,17,2015
23,129,158,+4:12:37,37.0,Stacchiotti Riccardo,37,Nippo - Vini Fantini,4:07:45 4:07:45,-,17,2015
23,137,160,+4:18:00,40.0,Hepburn Michael,38,Orica GreenEDGE,4:13:08 4:13:08,\u25b22,17,2015
25,149,163,+4:21:01,39.0,Zhupa Eugert,39,Southeast,4:16:09 4:16:09,-,17,2015
24,21,3,+6:05,1.0,Aru Fabio,1,Astana Pro Team,72:29:14 72:29:14,-,18,2015
22,156,22,+57:01,2.0,Formolo Davide,2,Team Cannondale - Garmin,50:56 50:56,-,18,2015
25,215,38,+1:47:20,3.0,Felline Fabio,3,Trek Factory Racing,1:41:15 1:41:15,-,18,2015
24,31,43,+1:51:45,6.0,Bongiorno Francesco Manuel,4,Bardiani - CSF Pro Team,1:45:40 1:45:40,\u25b22,18,2015
25,133,45,+2:01:54,4.0,Chaves Johan Esteban,5,Orica GreenEDGE,1:55:49 1:55:49,\u25bc1,18,2015
21,193,50,+2:07:35,5.0,Henao Sebasti\xe1n,6,Team Sky,2:01:30 2:01:30,\u25bc1,18,2015
23,73,56,+2:14:22,9.0,Elissonde Kenny,7,FDJ,2:08:17 2:08:17,\u25b22,18,2015
24,46,58,+2:16:34,7.0,Dillier Silvan,8,BMC Racing Team,2:10:29 2:10:29,\u25bc1,18,2015
23,97,59,+2:21:09,8.0,Polanc Jan,9,Lampre - Merida,2:15:04 2:15:04,\u25bc1,18,2015
23,153,64,+2:27:33,11.0,Brown Nathan,10,Team Cannondale - Garmin,2:21:28 2:21:28,\u25b21,18,2015
22,82,68,+2:31:34,12.0,Chevrier Cl\xe9ment,11,IAM Cycling,2:25:29 2:25:29,\u25b21,18,2015
23,159,69,+2:31:50,16.0,Villella Davide,12,Team Cannondale - Garmin,2:25:45 2:25:45,\u25b24,18,2015
24,115,70,+2:34:25,10.0,Herrada Jes\xfas,13,Movistar Team,2:28:20 2:28:20,\u25bc3,18,2015
24,114,73,+2:38:49,15.0,Fern\xe1ndez Rub\xe9n,14,Movistar Team,2:32:44 2:32:44,\u25b21,18,2015
25,19,75,+2:42:59,13.0,Zilioli Gianfranco,15,Androni Giocattoli - Sidermec,2:36:54 2:36:54,\u25bc2,18,2015
24,4,77,+2:45:55,14.0,Domont Axel,16,AG2R La Mondiale,2:39:50 2:39:50,\u25bc2,18,2015
22,35,88,+3:03:30,18.0,Chirico Luca,17,Bardiani - CSF Pro Team,2:57:25 2:57:25,\u25b21,18,2015
23,92,89,+3:04:24,17.0,Grmay Tsgabu,18,Lampre - Merida,2:58:19 2:58:19,\u25bc1,18,2015
24,168,92,+3:05:06,19.0,Ludvigsson Tobias,19,Team Giant - Alpecin,2:59:01 2:59:01,-,18,2015
23,188,96,+3:12:12,21.0,van der Lijke Nick,20,Team LottoNL-Jumbo,3:06:07 3:06:07,\u25b21,18,2015
25,36,97,+3:12:57,20.0,Colbrelli Sonny,21,Bardiani - CSF Pro Team,3:06:52 3:06:52,\u25bc1,18,2015
23,122,98,+3:15:45,22.0,Berlato Giacomo,22,Nippo - Vini Fantini,3:09:40 3:09:40,-,18,2015
22,118,110,+3:29:51,23.0,Quintana Dayer,23,Movistar Team,3:23:46 3:23:46,-,18,2015
24,135,112,+3:33:06,24.0,Durbridge Luke,24,Orica GreenEDGE,3:27:01 3:27:01,-,18,2015
25,173,115,+3:36:06,25.0,Chernetski Sergei,25,Team Katusha,3:30:01 3:30:01,-,18,2015
22,69,116,+3:36:45,26.0,Vakoc Petr,26,Etixx - Quick Step,3:30:40 3:30:40,-,18,2015
24,7,121,+3:40:40,27.0,Houle Hugo,27,AG2R La Mondiale,3:34:35 3:34:35,-,18,2015
25,56,123,+3:42:30,28.0,Owsian Lukasz,28,CCC Sprandi Polkowice,3:36:25 3:36:25,-,18,2015
24,212,138,+4:00:46,29.0,Alafaci Eugenio,29,Trek Factory Racing,3:54:41 3:54:41,-,18,2015
23,184,142,+4:08:17,30.0,Hofland Moreno,30,Team LottoNL-Jumbo,4:02:12 4:02:12,-,18,2015
21,49,143,+4:08:33,31.0,Zabel Rick,31,BMC Racing Team,4:02:28 4:02:28,-,18,2015
23,162,144,+4:12:32,32.0,Arndt Nikias,32,Team Giant - Alpecin,4:06:27 4:06:27,-,18,2015
25,216,149,+4:19:01,33.0,Silvestre F\xe1bio,33,Trek Factory Racing,4:12:56 4:12:56,-,18,2015
22,126,152,+4:22:19,35.0,Grosu Eduard Michael,34,Nippo - Vini Fantini,4:16:14 4:16:14,\u25b21,18,2015
23,129,153,+4:28:29,37.0,Stacchiotti Riccardo,35,Nippo - Vini Fantini,4:22:24 4:22:24,\u25b22,18,2015
22,219,154,+4:29:08,36.0,Watson Calvin,36,Trek Factory Racing,4:23:03 4:23:03,-,18,2015
23,137,156,+4:33:52,38.0,Hepburn Michael,37,Orica GreenEDGE,4:27:47 4:27:47,\u25b21,18,2015
25,149,160,+4:37:47,39.0,Zhupa Eugert,38,Southeast,1:17:56 1:17:56,\u25b21,18,2015
24,21,2,+4:37,,Aru Fabio,1,Astana Pro Team,78:53:17 78:53:17,,19,2015
22,156,29,+1:36:21,,Formolo Davide,2,Team Cannondale - Garmin,1:31:44 1:31:44,,19,2015
25,215,33,+1:51:16,,Felline Fabio,3,Trek Factory Racing,1:46:39 1:46:39,,19,2015
23,73,42,+2:19:56,,Elissonde Kenny,4,FDJ,2:15:19 2:15:19,,19,2015
21,193,44,+2:21:15,,Henao Sebasti\xe1n,5,Team Sky,2:16:38 2:16:38,,19,2015
24,31,50,+2:35:14,,Bongiorno Francesco Manuel,6,Bardiani - CSF Pro Team,2:30:37 2:30:37,,19,2015
25,133,52,+2:37:02,,Chaves Johan Esteban,7,Orica GreenEDGE,2:32:25 2:32:25,,19,2015
23,97,57,+2:38:49,,Polanc Jan,8,Lampre - Merida,2:34:12 2:34:12,,19,2015
24,46,58,+2:39:10,,Dillier Silvan,9,BMC Racing Team,2:34:33 2:34:33,,19,2015
24,114,65,+3:00:27,,Fern\xe1ndez Rub\xe9n,10,Movistar Team,2:55:50 2:55:50,,19,2015
24,115,67,+3:00:46,,Herrada Jes\xfas,11,Movistar Team,2:56:09 2:56:09,,19,2015
22,82,68,+3:01:07,,Chevrier Cl\xe9ment,12,IAM Cycling,2:56:30 2:56:30,,19,2015
25,19,71,+3:08:55,,Zilioli Gianfranco,13,Androni Giocattoli - Sidermec,3:04:18 3:04:18,,19,2015
24,4,73,+3:15:28,,Domont Axel,14,AG2R La Mondiale,3:10:51 3:10:51,,19,2015
23,153,74,+3:16:41,,Brown Nathan,15,Team Cannondale - Garmin,3:12:04 3:12:04,,19,2015
23,159,77,+3:20:58,,Villella Davide,16,Team Cannondale - Garmin,3:16:21 3:16:21,,19,2015
23,188,82,+3:29:52,,van der Lijke Nick,17,Team LottoNL-Jumbo,3:25:15 3:25:15,,19,2015
23,92,89,+3:42:01,,Grmay Tsgabu,18,Lampre - Merida,3:37:24 3:37:24,,19,2015
22,35,91,+3:46:59,,Chirico Luca,19,Bardiani - CSF Pro Team,3:42:22 3:42:22,,19,2015
22,118,94,+3:51:29,,Quintana Dayer,20,Movistar Team,3:46:52 3:46:52,,19,2015
24,168,95,+3:54:14,,Ludvigsson Tobias,21,Team Giant - Alpecin,3:49:37 3:49:37,,19,2015
23,122,98,+3:59:14,,Berlato Giacomo,22,Nippo - Vini Fantini,3:54:37 3:54:37,,19,2015
25,36,99,+3:59:31,,Colbrelli Sonny,23,Bardiani - CSF Pro Team,3:54:54 3:54:54,,19,2015
24,135,107,+4:10:43,,Durbridge Luke,24,Orica GreenEDGE,4:06:06 4:06:06,,19,2015
25,173,114,+4:19:35,,Chernetski Sergei,25,Team Katusha,4:14:58 4:14:58,,19,2015
22,69,115,+4:20:14,,Vakoc Petr,26,Etixx - Quick Step,4:15:37 4:15:37,,19,2015
24,7,116,+4:24:09,,Houle Hugo,27,AG2R La Mondiale,4:19:32 4:19:32,,19,2015
25,56,119,+4:25:59,,Owsian Lukasz,28,CCC Sprandi Polkowice,4:21:22 4:21:22,,19,2015
23,184,137,+4:51:46,,Hofland Moreno,29,Team LottoNL-Jumbo,4:47:09 4:47:09,,19,2015
24,212,138,+4:52:10,,Alafaci Eugenio,30,Trek Factory Racing,4:47:33 4:47:33,,19,2015
21,49,142,+4:57:41,,Zabel Rick,31,BMC Racing Team,4:53:04 4:53:04,,19,2015
23,162,149,+5:08:26,,Arndt Nikias,32,Team Giant - Alpecin,5:03:49 5:03:49,,19,2015
25,216,150,+5:10:25,,Silvestre F\xe1bio,33,Trek Factory Racing,5:05:48 5:05:48,,19,2015
22,219,151,+5:12:37,,Watson Calvin,34,Trek Factory Racing,5:08:00 5:08:00,,19,2015
22,126,152,+5:13:43,,Grosu Eduard Michael,35,Nippo - Vini Fantini,5:09:06 5:09:06,,19,2015
23,129,153,+5:17:37,,Stacchiotti Riccardo,36,Nippo - Vini Fantini,5:13:00 5:13:00,,19,2015
23,137,156,+5:25:54,,Hepburn Michael,37,Orica GreenEDGE,5:21:17 5:21:17,,19,2015
25,149,160,+5:29:11,,Zhupa Eugert,38,Southeast,5:24:34 5:24:34,,19,2015
24,21,2,+2:02,1.0,Aru Fabio,1,Astana Pro Team,84:05:32 84:05:32,-,20,2015
22,156,31,+1:53:39,2.0,Formolo Davide,2,Team Cannondale - Garmin,1:51:37 1:51:37,-,20,2015
25,215,32,+1:55:57,3.0,Felline Fabio,3,Trek Factory Racing,1:53:55 1:53:55,-,20,2015
21,193,41,+2:38:33,5.0,Henao Sebasti\xe1n,4,Team Sky,2:36:31 2:36:31,\u25b21,20,2015
23,73,46,+2:44:31,4.0,Elissonde Kenny,5,FDJ,2:42:29 2:42:29,\u25bc1,20,2015
23,97,52,+2:52:42,8.0,Polanc Jan,6,Lampre - Merida,2:50:40 2:50:40,\u25b22,20,2015
24,46,53,+2:53:13,9.0,Dillier Silvan,7,BMC Racing Team,2:51:11 2:51:11,\u25b22,20,2015
25,133,56,+3:01:37,7.0,Chaves Johan Esteban,8,Orica GreenEDGE,2:59:35 2:59:35,\u25bc1,20,2015
24,31,60,+3:10:10,6.0,Bongiorno Francesco Manuel,9,Bardiani - CSF Pro Team,3:08:08 3:08:08,\u25bc3,20,2015
24,114,62,+3:17:45,10.0,Fern\xe1ndez Rub\xe9n,10,Movistar Team,3:15:43 3:15:43,-,20,2015
23,153,67,+3:23:10,15.0,Brown Nathan,11,Team Cannondale - Garmin,3:21:08 3:21:08,\u25b24,20,2015
22,82,68,+3:25:42,12.0,Chevrier Cl\xe9ment,12,IAM Cycling,3:23:40 3:23:40,-,20,2015
25,19,70,+3:33:30,13.0,Zilioli Gianfranco,13,Androni Giocattoli - Sidermec,3:31:28 3:31:28,-,20,2015
24,115,74,+3:37:55,11.0,Herrada Jes\xfas,14,Movistar Team,3:35:53 3:35:53,\u25bc3,20,2015
24,4,75,+3:40:03,14.0,Domont Axel,15,AG2R La Mondiale,3:38:01 3:38:01,\u25bc1,20,2015
23,159,78,+3:57:04,16.0,Villella Davide,16,Team Cannondale - Garmin,1:28:34 1:28:34,-,20,2015
24,168,83,+4:00:24,21.0,Ludvigsson Tobias,17,Team Giant - Alpecin,3:58:22 3:58:22,\u25b24,20,2015
23,188,86,+4:05:58,17.0,van der Lijke Nick,18,Team LottoNL-Jumbo,4:03:56 4:03:56,\u25bc1,20,2015
22,35,89,+4:15:31,19.0,Chirico Luca,19,Bardiani - CSF Pro Team,4:13:29 4:13:29,-,20,2015
23,92,90,+4:18:07,18.0,Grmay Tsgabu,20,Lampre - Merida,4:16:05 4:16:05,\u25bc2,20,2015
22,118,92,+4:20:19,20.0,Quintana Dayer,21,Movistar Team,4:18:17 4:18:17,\u25bc1,20,2015
23,122,101,+4:34:10,22.0,Berlato Giacomo,22,Nippo - Vini Fantini,4:32:08 4:32:08,-,20,2015
25,36,102,+4:34:27,23.0,Colbrelli Sonny,23,Bardiani - CSF Pro Team,4:32:25 4:32:25,-,20,2015
24,7,109,+4:48:44,27.0,Houle Hugo,24,AG2R La Mondiale,4:46:42 4:46:42,\u25b23,20,2015
24,135,110,+4:50:50,24.0,Durbridge Luke,25,Orica GreenEDGE,4:48:48 4:48:48,\u25bc1,20,2015
25,173,115,+4:59:40,25.0,Chernetski Sergei,26,Team Katusha,4:57:38 4:57:38,\u25bc1,20,2015
22,69,117,+5:01:23,26.0,Vakoc Petr,27,Etixx - Quick Step,4:59:21 4:59:21,\u25bc1,20,2015
25,56,118,+5:02:05,28.0,Owsian Lukasz,28,CCC Sprandi Polkowice,5:00:03 5:00:03,-,20,2015
23,184,137,+5:32:55,29.0,Hofland Moreno,29,Team LottoNL-Jumbo,5:30:53 5:30:53,-,20,2015
24,212,140,+5:35:46,30.0,Alafaci Eugenio,30,Trek Factory Racing,5:33:44 5:33:44,-,20,2015
21,49,142,+5:40:20,31.0,Zabel Rick,31,BMC Racing Team,5:38:18 5:38:18,-,20,2015
23,162,148,+5:52:02,32.0,Arndt Nikias,32,Team Giant - Alpecin,5:50:00 5:50:00,-,20,2015
22,219,149,+5:53:46,34.0,Watson Calvin,33,Trek Factory Racing,5:51:44 5:51:44,\u25b21,20,2015
25,216,150,+5:54:01,33.0,Silvestre F\xe1bio,34,Trek Factory Racing,5:51:59 5:51:59,\u25bc1,20,2015
22,126,151,+5:54:52,35.0,Grosu Eduard Michael,35,Nippo - Vini Fantini,5:52:50 5:52:50,-,20,2015
23,129,152,+5:58:46,36.0,Stacchiotti Riccardo,36,Nippo - Vini Fantini,5:56:44 5:56:44,-,20,2015
23,137,156,+6:07:03,37.0,Hepburn Michael,37,Orica GreenEDGE,6:05:01 6:05:01,-,20,2015
25,149,160,+6:10:20,38.0,Zhupa Eugert,38,Southeast,6:08:18 6:08:18,-,20,2015
24,21,2,+1:53,1.0,Aru Fabio,1,Astana Pro Team,88:24:18 88:24:18,-,21,2015
22,156,31,+1:53:39,2.0,Formolo Davide,2,Team Cannondale - Garmin,1:51:46 1:51:46,-,21,2015
25,215,32,+1:55:57,3.0,Felline Fabio,3,Trek Factory Racing,1:54:04 1:54:04,-,21,2015
21,193,41,+2:39:28,4.0,Henao Sebasti\xe1n,4,Team Sky,2:37:35 2:37:35,-,21,2015
23,73,46,+2:46:57,5.0,Elissonde Kenny,5,FDJ,2:45:04 2:45:04,-,21,2015
24,46,52,+2:53:04,7.0,Dillier Silvan,6,BMC Racing Team,2:51:11 2:51:11,\u25b21,21,2015
23,97,53,+2:55:08,6.0,Polanc Jan,7,Lampre - Merida,2:53:15 2:53:15,\u25bc1,21,2015
25,133,55,+3:01:37,8.0,Chaves Johan Esteban,8,Orica GreenEDGE,2:59:44 2:59:44,-,21,2015
24,31,60,+3:12:36,9.0,Bongiorno Francesco Manuel,9,Bardiani - CSF Pro Team,3:10:43 3:10:43,-,21,2015
24,114,62,+3:18:16,10.0,Fern\xe1ndez Rub\xe9n,10,Movistar Team,3:16:23 3:16:23,-,21,2015
23,153,67,+3:23:43,11.0,Brown Nathan,11,Team Cannondale - Garmin,3:21:50 3:21:50,-,21,2015
22,82,69,+3:31:24,12.0,Chevrier Cl\xe9ment,12,IAM Cycling,3:29:31 3:29:31,-,21,2015
25,19,71,+3:34:29,13.0,Zilioli Gianfranco,13,Androni Giocattoli - Sidermec,3:32:36 3:32:36,-,21,2015
24,115,74,+3:40:04,14.0,Herrada Jes\xfas,14,Movistar Team,3:38:11 3:38:11,-,21,2015
24,4,75,+3:40:42,15.0,Domont Axel,15,AG2R La Mondiale,3:38:49 3:38:49,-,21,2015
23,159,78,+3:57:09,16.0,Villella Davide,16,Team Cannondale - Garmin,3:55:16 3:55:16,-,21,2015
24,168,83,+4:02:19,17.0,Ludvigsson Tobias,17,Team Giant - Alpecin,4:00:26 4:00:26,-,21,2015
23,188,86,+4:06:57,18.0,van der Lijke Nick,18,Team LottoNL-Jumbo,4:05:04 4:05:04,-,21,2015
22,35,88,+4:16:30,19.0,Chirico Luca,19,Bardiani - CSF Pro Team,4:14:37 4:14:37,-,21,2015
23,92,91,+4:20:33,20.0,Grmay Tsgabu,20,Lampre - Merida,4:18:40 4:18:40,-,21,2015
22,118,93,+4:21:18,21.0,Quintana Dayer,21,Movistar Team,4:19:25 4:19:25,-,21,2015
25,36,100,+4:34:27,23.0,Colbrelli Sonny,22,Bardiani - CSF Pro Team,4:32:34 4:32:34,\u25b21,21,2015
23,122,101,+4:34:38,22.0,Berlato Giacomo,23,Nippo - Vini Fantini,4:33:16 4:33:16,\u25bc1,21,2015
24,135,109,+4:50:24,25.0,Durbridge Luke,24,Orica GreenEDGE,4:48:31 4:48:31,\u25b21,21,2015
24,7,113,+4:54:57,24.0,Houle Hugo,25,AG2R La Mondiale,4:53:04 4:53:04,\u25bc1,21,2015
25,173,114,+5:00:19,26.0,Chernetski Sergei,26,Team Katusha,4:58:26 4:58:26,-,21,2015
22,69,116,+5:01:14,27.0,Vakoc Petr,27,Etixx - Quick Step,4:59:21 4:59:21,-,21,2015
25,56,118,+5:04:07,28.0,Owsian Lukasz,28,CCC Sprandi Polkowice,5:02:14 5:02:14,-,21,2015
23,184,136,+5:32:46,29.0,Hofland Moreno,29,Team LottoNL-Jumbo,5:30:53 5:30:53,-,21,2015
24,212,141,+1:34:37,30.0,Alafaci Eugenio,30,Trek Factory Racing,1:34:37 1:34:37,-,21,2015
21,49,142,+5:42:25,31.0,Zabel Rick,31,BMC Racing Team,5:40:32 5:40:32,-,21,2015
23,162,148,+5:53:20,32.0,Arndt Nikias,32,Team Giant - Alpecin,5:51:27 5:51:27,-,21,2015
25,216,149,+5:54:39,34.0,Silvestre F\xe1bio,33,Trek Factory Racing,5:52:46 5:52:46,\u25b21,21,2015
22,126,150,+5:54:43,35.0,Grosu Eduard Michael,34,Nippo - Vini Fantini,5:52:50 5:52:50,\u25b21,21,2015
22,219,151,+5:56:12,33.0,Watson Calvin,35,Trek Factory Racing,5:54:19 5:54:19,\u25bc2,21,2015
23,129,152,+5:59:25,36.0,Stacchiotti Riccardo,36,Nippo - Vini Fantini,5:57:32 5:57:32,-,21,2015
25,149,157,+6:10:11,38.0,Zhupa Eugert,37,Southeast,6:08:18 6:08:18,\u25b21,21,2015
23,137,160,+6:13:16,37.0,Hepburn Michael,38,Orica GreenEDGE,6:11:23 6:11:23,\u25bc1,21,2015
